tiempo,voltaje
250.266,-245.712
250.288,-191.055
250.291,-201.307
250.300,-249.631
250.308,-163.652
250.317,-245.444
250.326,-191.189
250.339,-201.307
250.349,-250.720
250.357,-164.322
250.370,-245.712
250.376,-191.457
250.387,-200.503
250.397,-250.988
250.411,-164.858
250.416,-244.908
250.428,-191.859
250.437,-199.816
250.446,-251.122
250.458,-164.188
250.469,-244.506
250.477,-192.663
250.488,-199.682
250.496,-251.256
250.506,-164.322
250.518,-243.702
250.530,-192.663
250.537,-199.280
250.546,-250.988
250.556,-163.786
250.568,-244.104
250.578,-193.350
250.588,-198.208
250.599,-251.524
250.606,-163.920
250.629,-243.702
250.630,-194.154
250.640,-198.208
250.646,-251.658
250.657,-163.652
250.666,-243.149
250.679,-194.690
250.690,-197.806
250.697,-251.658
250.706,-163.652
250.716,-242.881
250.727,-195.226
250.737,-197.387
250.751,-252.881
250.757,-164.456
250.766,-243.015
250.777,-196.181
250.786,-197.521
250.799,-253.015
250.809,-163.920
250.817,-242.345
250.828,-194.020
250.836,-196.583
250.846,-252.881
250.860,-163.920
250.869,-242.077
250.878,-196.583
250.889,-196.047
250.896,-252.881
250.906,-164.188
250.920,-241.541
250.929,-196.851
250.936,-195.377
250.947,-253.953
250.968,-164.188
250.969,-241.407
250.978,-197.672
250.990,-195.377
250.997,-253.283
251.016,-163.518
251.017,-241.407
251.029,-196.181
251.039,-195.226
251.046,-253.685
251.056,-164.322
251.076,-241.407
251.077,-199.280
251.087,-194.556
251.101,-253.551
251.108,-163.786
251.116,-240.720
251.127,-199.280
251.137,-194.154
251.150,-254.087
251.157,-163.920
251.166,-241.122
251.183,-199.816
251.187,-193.752
251.197,-257.605
251.207,-164.590
251.216,-240.050
251.232,-200.905
251.237,-193.350
251.247,-253.685
251.256,-164.456
251.266,-240.318
251.276,-201.441
251.293,-192.931
251.296,-254.489
251.307,-163.786
251.316,-239.916
251.326,-200.503
251.341,-192.395
251.347,-254.623
251.356,-163.920
251.367,-239.782
251.376,-202.261
251.386,-191.457
251.397,-255.444
251.407,-164.858
251.418,-238.961
251.426,-202.529
251.436,-191.323
251.456,-255.176
251.457,-164.724
251.469,-238.961
251.479,-203.601
251.487,-191.055
251.497,-255.444
251.517,-164.322
251.519,-238.559
251.530,-204.003
251.540,-190.369
251.547,-255.310
251.566,-164.322
251.567,-238.559
251.577,-204.003
251.588,-190.921
251.596,-255.712
251.607,-165.410
251.627,-238.559
251.629,-205.360
251.638,-189.564
251.647,-254.891
251.658,-164.456
251.670,-237.755
251.679,-204.824
251.690,-189.832
251.697,-255.712
251.708,-165.126
251.716,-237.755
251.735,-205.762
251.738,-189.028
251.749,-255.712
251.758,-166.348
251.766,-236.951
251.784,-206.164
251.787,-187.940
251.797,-255.712
251.808,-164.724
251.817,-236.399
251.827,-206.164
251.843,-187.940
251.858,-164.188
251.867,-235.997
251.876,-206.566
251.891,-187.136
251.898,-255.846
251.908,-164.858
251.917,-236.265
251.926,-207.655
251.936,-187.136
251.952,-255.846
251.961,-164.724
251.967,-235.327
251.976,-207.923
251.986,-186.734
252.000,-255.846
252.009,-164.992
252.018,-235.997
252.029,-208.727
252.036,-186.466
252.046,-255.846
252.059,-164.858
252.068,-234.238
252.076,-208.325
252.088,-185.913
252.096,-255.846
252.108,-165.260
252.123,-209.682
252.130,-210.352
252.138,-186.734
252.147,-256.248
252.167,-165.126
252.168,-234.925
252.177,-210.620
252.190,-186.332
252.197,-256.516
252.217,-165.410
252.218,-234.238
252.230,-210.486
252.241,-184.975
252.248,-255.846
252.256,-165.260
252.277,-234.238
252.279,-211.709
252.288,-185.377
252.296,-256.516
252.309,-165.946
252.316,-234.104
252.328,-211.290
252.341,-184.841
252.347,-256.516
252.358,-165.812
252.366,-233.970
252.376,-212.111
252.394,-184.707
252.397,-256.784
252.407,-165.812
252.417,-233.300
252.426,-212.647
252.442,-183.350
252.447,-256.248
252.456,-165.410
252.467,-232.496
252.476,-214.941
252.487,-183.216
252.502,-256.516
252.510,-165.946
252.517,-232.496
252.526,-214.941
252.537,-183.082
252.550,-256.516
252.559,-165.812
252.566,-232.077
252.579,-214.941
252.587,-182.412
252.597,-256.114
252.610,-166.348
252.619,-231.675
252.627,-216.164
252.637,-182.412
252.647,-256.248
252.658,-166.348
252.668,-230.469
252.681,-215.745
252.687,-181.876
252.696,-255.980
252.718,-166.616
252.719,-230.871
252.728,-217.102
252.738,-182.010
252.750,-248.827
252.756,-167.420
252.769,-232.228
252.778,-218.459
252.787,-182.278
252.798,-256.114
252.807,-167.286
252.827,-231.273
252.828,-218.174
252.838,-182.010
252.847,-257.186
252.859,-167.554
252.866,-230.067
252.876,-218.325
252.887,-181.055
252.899,-257.052
252.908,-167.705
252.917,-230.603
252.934,-218.861
252.936,-180.519
252.949,-256.650
252.958,-167.286
252.966,-229.933
252.985,-219.263
252.987,-180.787
252.998,-257.186
253.009,-167.420
253.017,-229.933
253.026,-219.933
253.042,-180.117
253.046,-257.052
253.056,-167.420
253.069,-229.380
253.076,-220.335
253.090,-179.983
253.101,-256.248
253.109,-168.107
253.117,-229.648
253.126,-220.888
253.137,-179.447
253.152,-256.248
253.157,-167.705
253.168,-228.442
253.176,-221.290
253.186,-178.224
253.199,-256.516
253.208,-168.643
253.216,-228.442
253.228,-221.290
253.236,-178.492
253.246,-256.248
253.259,-168.643
253.269,-228.040
253.277,-221.558
253.290,-178.090
253.296,-256.382
253.307,-168.643
253.321,-227.638
253.327,-221.960
253.337,-177.822
253.346,-256.784
253.364,-169.045
253.367,-227.906
253.377,-223.049
253.386,-177.420
253.397,-256.114
253.411,-169.045
253.418,-227.906
253.426,-223.317
253.437,-177.956
253.446,-255.980
253.456,-168.911
253.472,-226.549
253.478,-223.451
253.488,-178.090
253.496,-256.516
253.506,-169.313
253.520,-227.219
253.529,-223.987
253.536,-177.286
253.549,-255.980
253.556,-169.179
253.566,-226.415
253.580,-224.389
253.590,-176.734
253.597,-255.846
253.609,-169.179
253.616,-225.879
253.629,-224.791
253.638,-175.796
253.648,-256.114
253.658,-169.715
253.666,-225.879
253.688,-225.477
253.690,-176.064
253.699,-255.846
253.709,-169.581
253.716,-225.611
253.726,-225.745
253.737,-175.662
253.747,-255.846
253.756,-170.268
253.767,-225.343
253.776,-225.611
253.797,-176.064
253.798,-255.846
253.807,-169.581
253.819,-224.657
253.828,-226.281
253.846,-176.064
253.848,-256.248
253.857,-171.474
253.870,-225.343
253.877,-227.085
253.887,-175.260
253.905,-255.846
253.907,-170.804
253.919,-224.657
253.929,-227.638
253.936,-175.126
253.956,-256.516
253.958,-171.876
253.969,-225.209
253.978,-228.576
253.986,-175.528
253.996,-256.114
254.014,-171.340
254.017,-223.853
254.028,-228.174
254.038,-174.724
254.046,-255.846
254.064,-172.010
254.068,-223.853
254.077,-228.576
254.086,-174.992
254.096,-256.114
254.106,-172.429
254.122,-223.853
254.127,-229.514
254.137,-173.903
254.148,-255.846
254.156,-171.608
254.172,-223.317
254.178,-229.933
254.187,-173.501
254.197,-255.980
254.206,-172.010
254.217,-222.764
254.231,-229.933
254.240,-173.769
254.247,-255.578
254.256,-172.429
254.267,-221.826
254.279,-229.782
254.292,-173.099
254.297,-255.578
254.309,-172.563
254.316,-222.362
254.326,-230.335
254.340,-173.769
254.346,-255.176
254.357,-172.429
254.366,-221.692
254.376,-230.603
254.387,-173.099
254.400,-255.846
254.409,-173.367
254.417,-221.826
254.426,-231.273
254.447,-173.233
254.449,-254.891
254.458,-173.233
254.467,-221.290
254.478,-231.139
254.494,-172.429
254.497,-255.176
254.509,-173.367
254.520,-221.290
254.527,-231.809
254.537,-172.831
254.556,-255.712
254.558,-173.769
254.570,-221.290
254.580,-232.228
254.588,-172.563
254.607,-255.578
254.609,-174.171
254.618,-220.620
254.627,-232.496
254.639,-171.742
254.646,-254.087
254.666,-173.099
254.668,-219.397
254.681,-232.077
254.691,-171.206
254.698,-254.355
254.706,-173.769
254.717,-220.335
254.730,-233.300
254.740,-171.474
254.748,-254.623
254.757,-173.769
254.775,-219.531
254.777,-233.568
254.786,-171.072
254.799,-254.891
254.808,-174.037
254.826,-219.531
254.829,-233.836
254.839,-171.206
254.851,-254.087
254.859,-175.260
254.866,-219.397
254.876,-234.104
254.886,-170.938
254.899,-254.355
254.908,-174.590
254.916,-218.727
254.927,-234.238
254.948,-170.670
254.949,-254.087
254.960,-175.394
254.966,-218.727
254.978,-234.791
254.987,-170.402
255.008,-254.087
255.009,-175.796
255.018,-218.459
255.027,-235.059
255.038,-170.402
255.056,-254.489
255.057,-176.064
255.066,-217.772
255.080,-235.461
255.087,-170.134
255.096,-253.417
255.114,-175.662
255.120,-184.975
255.127,-236.131
255.139,-169.581
255.149,-253.551
255.156,-176.332
255.170,-217.638
255.180,-236.817
255.186,-170.134
255.198,-254.087
255.207,-176.734
255.216,-216.968
255.226,-236.131
255.240,-169.581
255.249,-253.283
255.257,-177.152
255.268,-216.834
255.276,-237.085
255.288,-169.447
255.297,-253.819
255.308,-177.554
255.318,-216.968
255.326,-237.621
255.347,-169.447
255.349,-253.685
255.358,-177.420
255.367,-216.968
255.378,-237.889
255.401,-165.260
255.401,-253.685
255.406,-177.286
255.416,-215.879
255.426,-238.157
255.436,-169.447
255.446,-253.283
255.456,-178.090
255.471,-216.030
255.477,-237.889
255.487,-168.241
255.496,-252.730
255.507,-178.090
255.520,-216.030
255.528,-238.291
255.538,-169.045
255.546,-252.462
255.556,-178.358
255.566,-215.343
255.579,-238.827
255.589,-168.643
255.598,-252.881
255.609,-178.760
255.616,-214.941
255.628,-238.559
255.637,-168.241
255.648,-252.462
255.658,-179.179
255.667,-214.941
255.687,-239.112
255.688,-168.107
255.697,-252.328
255.707,-178.626
255.718,-214.941
255.730,-240.050
255.737,-167.839
255.748,-251.658
255.757,-179.447
255.769,-212.647
255.776,-239.916
255.797,-169.581
255.798,-251.658
255.808,-179.581
255.817,-212.647
255.828,-239.916
255.836,-167.839
255.849,-251.926
255.858,-179.849
255.867,-212.647
255.879,-240.586
255.886,-167.973
255.904,-251.792
255.906,-180.117
255.919,-212.245
255.928,-240.586
255.936,-167.839
255.956,-251.524
255.957,-180.117
255.969,-212.379
255.980,-241.256
255.987,-167.420
255.996,-251.524
256.007,-180.385
256.027,-212.647
256.029,-241.407
256.039,-167.286
256.047,-251.524
256.059,-180.921
256.066,-212.245
256.076,-242.211
256.090,-167.973
256.096,-251.524
256.107,-180.921
256.116,-211.575
256.136,-242.077
256.137,-167.286
256.149,-251.524
256.158,-181.742
256.167,-211.156
256.184,-242.077
256.186,-167.286
256.198,-251.524
256.208,-182.010
256.216,-210.620
256.227,-242.211
256.245,-166.482
256.246,-251.524
256.258,-182.278
256.269,-211.022
256.276,-242.747
256.295,-166.616
256.297,-250.302
256.308,-181.876
256.318,-209.950
256.326,-242.211
256.336,-166.348
256.354,-250.988
256.358,-182.412
256.366,-210.218
256.376,-242.881
256.387,-166.884
256.403,-250.168
256.407,-182.278
256.418,-209.816
256.427,-242.881
256.436,-166.348
256.446,-250.586
256.462,-182.278
256.467,-209.414
256.477,-243.283
256.486,-166.348
256.497,-250.586
256.509,-182.412
256.519,-209.280
256.527,-243.149
256.537,-165.946
256.546,-250.168
256.556,-183.216
256.567,-208.995
256.579,-243.551
256.587,-165.544
256.598,-249.363
256.606,-183.082
256.617,-208.459
256.626,-243.417
256.640,-165.260
256.647,-249.095
256.656,-182.680
256.679,-208.325
256.681,-243.283
256.690,-165.410
256.696,-249.229
256.708,-183.082
256.716,-207.923
256.728,-244.372
256.738,-166.348
256.746,-249.631
256.759,-184.439
256.766,-208.191
256.788,-244.908
256.789,-166.348
256.798,-249.363
256.806,-184.305
256.818,-208.057
256.834,-245.176
256.838,-165.410
256.848,-249.229
256.857,-184.305
256.867,-207.655
256.877,-245.042
256.896,-164.858
256.898,-248.961
256.906,-184.707
256.920,-206.985
256.927,-245.176
256.946,-165.410
256.948,-249.229
256.957,-184.975
256.966,-207.521
256.977,-245.846
256.986,-166.080
256.997,-249.497
257.017,-185.511
257.018,-206.851
257.030,-245.712
257.040,-164.858
257.046,-248.559
257.066,-185.511
257.067,-206.298
257.078,-245.712
257.088,-164.992
257.096,-248.559
257.106,-185.779
257.126,-205.896
257.128,-245.712
257.138,-164.322
257.147,-247.873
257.157,-185.779
257.177,-206.030
257.177,-246.131
257.187,-164.590
257.199,-248.559
257.206,-186.466
257.216,-206.164
257.235,-246.801
257.237,-165.126
257.248,-248.291
257.257,-186.734
257.266,-205.226
257.282,-246.935
257.287,-164.858
257.297,-247.873
257.306,-186.600
257.316,-205.762
257.326,-247.471
257.343,-165.126
257.348,-248.693
257.358,-187.538
257.367,-205.896
257.376,-247.471
257.394,-164.992
257.397,-248.007
257.407,-188.358
257.417,-204.958
257.426,-247.203
257.436,-164.992
257.452,-247.605
257.456,-187.672
257.467,-204.958
257.477,-247.739
257.486,-165.126
257.500,-247.739
257.509,-187.940
257.520,-205.092
257.530,-248.559
257.537,-165.544
257.546,-248.141
257.556,-188.492
257.575,-204.003
257.576,-248.007
257.586,-164.858
257.599,-247.203
257.606,-188.074
257.626,-203.601
257.627,-247.471
257.636,-164.188
257.648,-247.203
257.657,-188.626
257.666,-204.003
257.676,-249.229
257.687,-165.126
257.699,-247.203
257.709,-189.028
257.716,-203.869
257.730,-248.961
257.736,-162.831
257.748,-247.069
257.759,-189.832
257.768,-203.869
257.779,-248.961
257.786,-164.724
257.808,-246.935
257.808,-189.698
257.818,-203.467
257.826,-248.827
257.839,-164.322
257.846,-246.533
257.858,-189.028
257.868,-202.931
257.877,-249.363
257.888,-164.724
257.897,-246.935
257.914,-189.698
257.917,-202.663
257.930,-249.095
257.939,-164.322
257.946,-245.997
257.966,-189.296
257.968,-201.575
257.979,-249.363
257.989,-164.188
257.997,-246.399
258.007,-190.101
258.022,-202.797
258.027,-249.363
258.038,-164.322
258.047,-245.444
258.056,-190.653
258.072,-202.111
258.077,-250.034
258.087,-164.456
258.097,-245.846
258.106,-190.921
258.116,-201.039
258.131,-249.363
258.136,-163.116
258.147,-245.712
258.157,-191.055
258.166,-201.575
258.181,-249.899
258.189,-164.992
258.197,-246.265
258.208,-191.725
258.216,-201.173
258.226,-250.586
258.239,-164.724
258.251,-245.712
258.257,-191.055
258.266,-201.039
258.276,-250.586
258.289,-164.188
258.299,-245.310
258.308,-191.591
258.319,-200.905
258.326,-250.720
258.336,-164.188
258.349,-245.444
258.358,-191.859
258.367,-200.905
258.379,-251.122
258.398,-171.608
258.400,-245.176
258.409,-192.797
258.417,-200.235
258.426,-251.122
258.436,-163.920
258.458,-244.640
258.459,-192.797
258.469,-200.369
258.478,-251.390
258.488,-164.188
258.496,-244.908
258.506,-192.529
258.517,-199.966
258.527,-251.256
258.539,-163.786
258.546,-244.774
258.566,-193.082
258.567,-199.682
258.577,-251.390
258.590,-163.786
258.597,-244.104
258.616,-193.484
258.619,-199.816
258.628,-251.524
258.641,-172.295
258.648,-245.176
258.658,-223.585
258.676,-199.966
258.678,-251.390
258.686,-164.322
258.700,-244.640
258.707,-194.422
258.726,-199.280
258.728,-251.792
258.740,-163.920
258.750,-244.372
258.759,-228.576
258.766,-199.414
258.786,-252.194
258.787,-164.188
258.800,-244.238
258.806,-194.154
258.817,-199.146
258.837,-252.060
258.838,-164.322
258.847,-244.238
258.860,-194.422
258.868,-199.012
258.877,-252.328
258.894,-164.322
258.896,-243.551
258.908,-195.226
258.918,-198.744
258.926,-252.194
258.944,-164.188
258.947,-243.417
258.958,-194.824
258.968,-198.074
258.976,-252.194
258.986,-164.590
259.001,-243.836
259.007,-195.645
259.016,-197.806
259.027,-252.730
259.036,-164.322
259.050,-243.149
259.059,-195.377
259.067,-197.521
259.079,-253.015
259.086,-164.188
259.096,-244.238
259.110,-196.315
259.118,-197.521
259.127,-252.730
259.138,-164.188
259.146,-243.015
259.161,-195.913
259.167,-197.806
259.176,-253.015
259.188,-164.456
259.196,-243.551
259.206,-196.851
259.219,-197.521
259.228,-253.417
259.238,-164.322
259.249,-243.015
259.256,-196.851
259.268,-196.985
259.278,-253.551
259.287,-164.188
259.299,-243.015
259.307,-197.253
259.328,-197.253
259.330,-253.417
259.339,-163.920
259.348,-242.747
259.359,-197.253
259.366,-196.583
259.378,-253.819
259.388,-164.188
259.397,-242.881
259.408,-197.806
259.416,-196.583
259.435,-254.087
259.438,-164.590
259.451,-242.345
259.459,-197.672
259.468,-195.913
259.485,-253.685
259.489,-164.188
259.497,-242.881
259.507,-198.878
259.518,-196.315
259.527,-253.551
259.536,-164.456
259.555,-242.345
259.557,-197.521
259.568,-195.377
259.577,-253.819
259.589,-163.652
259.596,-242.211
259.607,-198.476
259.616,-195.377
259.629,-253.551
259.637,-164.188
259.646,-241.943
259.666,-198.342
259.668,-194.824
259.681,-255.176
259.686,-164.188
259.698,-242.345
259.706,-199.414
259.718,-194.958
259.727,-254.087
259.740,-163.384
259.746,-240.720
259.756,-199.280
259.775,-194.154
259.777,-253.685
259.789,-163.786
259.799,-240.720
259.807,-199.280
259.825,-194.958
259.826,-254.355
259.839,-163.652
259.847,-241.122
259.856,-199.682
259.866,-194.556
259.882,-254.891
259.887,-164.322
259.897,-241.943
259.909,-201.039
259.916,-194.020
259.931,-254.891
259.936,-164.724
259.947,-241.256
259.957,-203.735
259.966,-193.886
259.976,-255.025
259.990,-164.456
260.001,-240.720
260.007,-200.637
260.017,-194.020
260.026,-254.891
260.040,-164.322
260.047,-240.854
260.059,-201.441
260.067,-193.350
260.076,-254.891
260.097,-164.590
260.099,-240.720
260.109,-201.441
260.118,-193.350
260.127,-255.176
260.136,-164.724
260.149,-240.720
260.159,-201.977
260.166,-193.082
260.180,-255.846
260.186,-164.724
260.206,-240.720
260.208,-202.529
260.218,-193.082
260.227,-255.846
260.238,-164.724
260.246,-240.050
260.258,-202.261
260.270,-191.993
260.276,-255.310
260.288,-164.724
260.296,-240.050
260.319,-202.663
260.319,-191.859
260.329,-254.891
260.337,-163.518
260.349,-238.827
260.356,-202.529
260.368,-191.323
260.378,-255.025
260.388,-164.456
260.399,-239.782
260.406,-203.333
260.427,-192.261
260.428,-255.310
260.438,-164.188
260.446,-238.827
260.459,-202.931
260.466,-191.055
260.477,-255.444
260.486,-164.188
260.500,-239.246
260.508,-203.735
260.516,-191.189
260.526,-255.578
260.536,-164.724
260.549,-238.559
260.559,-203.467
260.566,-191.055
260.578,-255.846
260.586,-164.724
260.598,-238.961
260.608,-204.405
260.616,-191.055
260.630,-255.846
260.636,-164.590
260.659,-238.693
260.659,-204.003
260.668,-190.101
260.678,-255.846
260.686,-164.858
260.696,-238.559
260.708,-205.494
260.718,-190.787
260.726,-255.846
260.737,-164.456
260.746,-238.157
260.767,-204.271
260.768,-189.698
260.779,-255.712
260.787,-164.188
260.800,-238.023
260.806,-204.824
260.819,-189.564
260.826,-255.578
260.837,-163.920
260.848,-238.023
260.856,-205.226
260.866,-189.430
260.876,-255.846
260.890,-164.858
260.897,-237.889
260.907,-205.628
260.918,-189.564
260.926,-255.846
260.949,-164.188
260.949,-236.667
260.956,-206.164
260.967,-189.028
260.976,-255.846
260.986,-164.456
260.996,-237.755
261.014,-206.985
261.017,-189.564
261.029,-255.980
261.040,-164.456
261.048,-236.817
261.056,-206.164
261.069,-188.760
261.080,-255.846
261.086,-164.724
261.097,-237.487
261.106,-207.521
261.116,-188.760
261.137,-256.114
261.140,-165.126
261.150,-237.487
261.157,-206.851
261.166,-188.074
261.176,-256.248
261.196,-164.858
261.198,-238.827
261.209,-207.789
261.217,-188.074
261.228,-256.248
261.236,-164.992
261.246,-236.667
261.264,-208.057
261.268,-187.940
261.278,-256.114
261.287,-164.992
261.296,-236.817
261.306,-208.057
261.324,-187.940
261.327,-256.248
261.340,-164.724
261.347,-235.595
261.359,-208.191
261.366,-186.868
261.376,-255.980
261.387,-164.590
261.401,-235.863
261.407,-208.459
261.417,-186.734
261.427,-255.846
261.436,-164.724
261.459,-235.997
261.460,-208.459
261.467,-186.734
261.478,-255.846
261.487,-164.858
261.496,-235.863
261.506,-209.950
261.516,-186.734
261.539,-256.114
261.541,-164.992
261.547,-235.863
261.556,-209.146
261.568,-186.734
261.576,-256.248
261.591,-165.260
261.599,-235.461
261.607,-209.682
261.617,-186.734
261.626,-256.248
261.636,-164.992
261.646,-235.327
261.657,-239.380
261.679,-185.779
261.680,-255.980
261.691,-165.126
261.697,-235.193
261.707,-210.084
261.716,-186.600
261.739,-257.320
261.741,-165.410
261.751,-233.568
261.758,-210.084
261.769,-186.064
261.776,-256.516
261.786,-165.544
261.796,-234.925
261.818,-210.352
261.820,-185.779
261.830,-256.650
261.837,-165.544
261.848,-234.238
261.856,-211.441
261.875,-186.734
261.876,-256.382
261.890,-165.126
261.898,-234.523
261.916,-186.734
261.928,-255.444
261.936,-165.946
261.955,-234.925
261.957,-211.843
261.968,-185.377
261.977,-256.516
261.987,-165.410
261.996,-234.238
262.016,-211.709
262.020,-184.975
262.028,-256.516
262.038,-165.260
262.046,-234.104
262.056,-211.575
262.066,-184.707
262.076,-256.650
262.093,-165.126
262.098,-233.836
262.106,-212.379
262.117,-184.841
262.126,-255.846
262.136,-165.126
262.150,-233.568
262.156,-211.843
262.169,-184.305
262.176,-256.516
262.190,-165.260
262.196,-233.836
262.206,-212.781
262.216,-184.573
262.233,-256.516
262.237,-165.410
262.248,-233.300
262.260,-213.049
262.270,-184.305
262.276,-256.784
262.292,-165.544
262.297,-233.166
262.309,-213.049
262.320,-183.769
262.328,-256.248
262.336,-165.544
262.346,-232.764
262.356,-213.049
262.370,-183.350
262.376,-256.114
262.388,-165.410
262.398,-232.764
262.406,-214.941
262.428,-182.546
262.430,-256.650
262.440,-160.821
262.447,-232.764
262.456,-214.941
262.466,-183.082
262.476,-256.248
262.496,-165.812
262.497,-231.943
262.509,-214.941
262.516,-182.814
262.528,-256.784
262.536,-165.946
262.555,-232.362
262.557,-214.941
262.571,-182.814
262.577,-255.846
262.586,-166.884
262.596,-232.898
262.606,-216.030
262.616,-182.948
262.632,-256.114
262.636,-165.812
262.648,-232.228
262.658,-216.566
262.666,-182.412
262.687,-257.052
262.688,-167.018
262.702,-233.300
262.706,-216.968
262.717,-183.216
262.726,-257.605
262.736,-167.152
262.756,-232.228
262.757,-216.432
262.767,-182.412
262.781,-257.320
262.789,-166.348
262.796,-232.077
262.809,-217.236
262.819,-182.278
262.827,-257.186
262.838,-166.884
262.846,-231.943
262.856,-217.102
262.866,-182.144
262.879,-256.784
262.891,-167.152
262.897,-231.273
262.906,-217.906
262.916,-182.680
262.931,-257.873
262.936,-167.973
262.947,-231.809
262.956,-218.325
262.966,-182.278
262.976,-257.471
262.991,-168.107
263.000,-231.809
263.007,-218.995
263.016,-182.412
263.026,-258.007
263.038,-167.973
263.048,-231.139
263.057,-218.995
263.067,-181.189
263.076,-257.471
263.087,-167.420
263.098,-230.737
263.109,-218.593
263.117,-181.474
263.129,-257.186
263.136,-167.420
263.146,-230.201
263.157,-218.861
263.169,-180.385
263.176,-256.784
263.186,-167.973
263.208,-230.603
263.209,-219.799
263.218,-180.385
263.226,-257.320
263.239,-167.973
263.246,-230.469
263.258,-219.531
263.267,-180.385
263.279,-256.918
263.286,-167.973
263.296,-229.933
263.315,-220.201
263.316,-180.251
263.329,-257.320
263.339,-168.241
263.346,-229.933
263.362,-219.799
263.366,-179.983
263.378,-256.784
263.387,-167.973
263.396,-229.648
263.406,-220.888
263.422,-179.983
263.427,-256.114
263.437,-167.839
263.446,-229.246
263.456,-220.888
263.471,-179.849
263.477,-256.784
263.487,-168.375
263.496,-229.648
263.506,-221.558
263.516,-180.117
263.530,-256.650
263.536,-168.777
263.546,-228.978
263.556,-221.424
263.566,-179.179
263.579,-257.186
263.589,-169.045
263.597,-229.112
263.610,-222.094
263.616,-178.492
263.627,-257.052
263.639,-168.241
263.650,-228.442
263.657,-221.692
263.666,-178.760
263.676,-256.516
263.689,-168.777
263.699,-228.308
263.707,-222.228
263.719,-178.224
263.726,-256.650
263.748,-168.777
263.749,-227.906
263.758,-221.692
263.768,-178.090
263.779,-256.784
263.786,-169.313
263.796,-228.442
263.809,-222.915
263.819,-178.090
263.826,-256.248
263.836,-169.045
263.857,-227.085
263.859,-223.317
263.867,-177.956
263.879,-254.489
263.888,-169.179
263.896,-227.638
263.908,-223.719
263.920,-176.884
263.929,-256.114
263.937,-169.447
263.946,-226.817
263.965,-223.317
263.967,-177.420
263.979,-256.650
263.989,-169.447
263.997,-227.638
264.015,-224.657
264.016,-177.420
264.029,-256.784
264.040,-169.447
264.046,-226.683
264.056,-223.853
264.073,-176.884
264.078,-255.980
264.086,-169.447
264.097,-226.147
264.106,-225.209
264.123,-176.734
264.127,-256.114
264.137,-169.447
264.148,-225.611
264.156,-220.335
264.167,-176.332
264.180,-255.846
264.189,-169.447
264.196,-225.745
264.206,-225.343
264.216,-175.930
264.229,-256.516
264.238,-170.000
264.248,-226.281
264.258,-225.745
264.265,-176.198
264.289,-255.980
264.291,-170.670
264.299,-226.013
264.307,-226.415
264.316,-176.600
264.326,-256.382
264.338,-170.670
264.349,-225.343
264.356,-225.611
264.368,-175.528
264.376,-255.980
264.386,-170.268
264.396,-225.611
264.409,-226.281
264.419,-175.394
264.428,-255.846
264.437,-170.804
264.446,-225.477
264.458,-226.817
264.466,-175.930
264.480,-256.114
264.487,-171.206
264.496,-224.925
264.506,-227.219
264.516,-175.662
264.530,-255.980
264.539,-171.206
264.547,-225.059
264.566,-227.353
264.568,-175.260
264.577,-256.114
264.590,-171.608
264.596,-225.477
264.606,-228.442
264.627,-174.724
264.628,-255.444
264.638,-170.402
264.650,-224.657
264.657,-228.442
264.678,-174.992
264.679,-255.846
264.687,-171.742
264.700,-224.255
264.706,-228.576
264.716,-174.439
264.734,-255.980
264.736,-172.144
264.749,-224.255
264.758,-228.710
264.768,-164.724
264.783,-255.846
264.787,-171.876
264.797,-223.585
264.806,-229.246
264.815,-173.903
264.826,-255.846
264.843,-172.010
264.846,-223.317
264.856,-229.246
264.868,-174.171
264.876,-255.846
264.889,-172.144
264.900,-223.049
264.907,-229.648
264.916,-173.769
264.926,-255.980
264.936,-172.965
264.949,-223.451
264.960,-230.067
264.967,-173.903
264.976,-255.846
264.986,-172.429
264.999,-222.228
265.007,-230.469
265.016,-173.903
265.028,-255.846
265.036,-172.965
265.046,-222.496
265.056,-230.335
265.072,-173.367
265.077,-255.712
265.089,-172.563
265.096,-222.362
265.106,-231.273
265.116,-173.501
265.129,-255.846
265.136,-173.635
265.146,-221.558
265.166,-231.675
265.169,-172.429
265.177,-255.578
265.186,-173.769
265.199,-191.055
265.207,-232.630
265.218,-173.501
265.226,-255.846
265.239,-173.769
265.247,-222.094
265.256,-232.077
265.276,-173.233
265.277,-255.712
265.289,-173.769
265.299,-221.290
265.306,-232.362
265.325,-172.831
265.327,-255.712
265.339,-173.903
265.350,-221.290
265.357,-232.496
265.366,-172.429
265.383,-255.176
265.387,-173.903
265.397,-220.888
265.408,-232.898
265.416,-171.876
265.433,-255.846
265.436,-173.769
265.448,-221.290
265.457,-233.434
265.466,-172.010
265.476,-255.712
265.493,-174.171
265.496,-220.888
265.506,-233.300
265.517,-172.010
265.526,-255.444
265.542,-174.992
265.546,-221.022
265.557,-233.970
265.567,-170.134
265.576,-255.444
265.586,-174.992
265.598,-220.620
265.609,-234.238
265.618,-171.206
265.627,-254.757
265.636,-174.858
265.649,-219.933
265.659,-234.238
265.668,-171.474
265.676,-255.025
265.686,-175.394
265.696,-220.201
265.706,-234.925
265.722,-172.295
265.727,-255.176
265.736,-175.528
265.748,-219.263
265.756,-234.238
265.772,-171.206
265.777,-255.025
265.786,-175.796
265.798,-218.861
265.806,-235.059
265.816,-170.670
265.831,-254.221
265.839,-175.930
265.847,-218.861
265.856,-235.327
265.866,-169.447
265.883,-253.819
265.888,-175.796
265.897,-218.325
265.906,-235.595
265.916,-170.268
265.926,-252.730
265.940,-175.796
265.950,-218.325
265.957,-236.265
265.968,-170.134
265.976,-254.087
265.990,-176.600
265.996,-217.638
266.008,-236.265
266.017,-169.849
266.026,-253.685
266.047,-177.152
266.048,-216.968
266.059,-236.131
266.067,-169.581
266.076,-253.685
266.086,-177.152
266.098,-217.370
266.108,-236.817
266.116,-169.447
266.129,-254.087
266.136,-177.956
266.157,-217.370
266.158,-237.621
266.168,-169.849
266.177,-254.087
266.189,-177.956
266.196,-216.834
266.208,-237.755
266.220,-169.581
266.230,-253.551
266.238,-178.090
266.246,-216.566
266.264,-237.755
266.266,-169.447
266.278,-253.149
266.288,-177.956
266.296,-216.700
266.314,-238.425
266.317,-169.313
266.328,-253.417
266.337,-178.090
266.346,-216.298
266.356,-238.961
266.372,-169.447
266.377,-253.417
266.387,-178.090
266.396,-216.030
266.406,-238.693
266.422,-169.179
266.426,-253.149
266.437,-178.760
266.446,-216.164
266.456,-239.246
266.466,-169.447
266.480,-253.015
266.490,-178.358
266.497,-214.941
266.506,-239.112
266.516,-168.777
266.530,-253.283
266.540,-179.581
266.546,-215.075
266.556,-239.916
266.566,-168.777
266.587,-252.881
266.588,-179.581
266.599,-214.941
266.607,-240.184
266.619,-168.643
266.626,-252.060
266.639,-179.313
266.648,-214.941
266.656,-240.318
266.669,-168.509
266.676,-252.328
266.697,-180.385
266.698,-214.941
266.710,-240.184
266.717,-167.973
266.726,-252.730
266.736,-179.849
266.749,-212.781
266.758,-240.988
266.766,-167.705
266.778,-252.328
266.786,-180.385
266.804,-212.781
266.806,-240.720
266.819,-167.554
266.828,-251.792
266.836,-180.921
266.854,-212.647
266.858,-240.854
266.869,-167.420
266.878,-251.524
266.886,-180.519
266.895,-212.513
266.906,-241.122
266.926,-167.554
266.927,-251.524
266.936,-180.787
266.949,-212.111
266.956,-241.943
266.975,-167.152
266.977,-251.792
266.989,-181.474
266.999,-211.843
267.006,-241.541
267.016,-167.152
267.032,-251.658
267.037,-181.189
267.047,-211.843
267.056,-242.613
267.066,-167.152
267.082,-251.524
267.087,-181.742
267.097,-211.290
267.106,-242.747
267.116,-167.286
267.126,-251.524
267.142,-182.278
267.147,-211.290
267.158,-243.149
267.167,-166.884
267.176,-251.256
267.190,-182.278
267.198,-210.888
267.206,-242.881
267.215,-166.616
267.226,-251.256
267.236,-182.412
267.249,-210.218
267.259,-242.881
267.267,-166.482
267.276,-250.854
267.286,-182.412
267.297,-209.682
267.308,-243.283
267.317,-166.750
267.328,-251.256
267.336,-182.680
267.346,-209.816
267.364,-243.836
267.366,-166.884
267.378,-251.256
267.387,-183.903
267.396,-209.548
267.413,-244.506
267.416,-166.616
267.426,-250.302
267.436,-184.171
267.446,-209.414
267.456,-244.640
267.473,-166.616
267.477,-250.586
267.486,-184.305
267.495,-209.280
267.506,-244.908
267.520,-166.884
267.530,-250.586
267.537,-184.439
267.546,-208.459
267.556,-245.042
267.566,-166.080
267.579,-249.631
267.586,-184.305
267.596,-207.923
267.606,-245.176
267.616,-165.946
267.629,-250.168
267.638,-185.377
267.651,-208.057
267.659,-245.176
267.665,-165.410
267.676,-249.497
267.688,-184.841
267.698,-208.057
267.707,-245.444
267.719,-165.812
267.726,-250.168
267.737,-185.243
267.748,-207.655
267.757,-246.265
267.768,-165.812
267.776,-249.363
267.798,-185.377
267.799,-207.387
267.808,-246.533
267.817,-165.260
267.829,-249.363
267.836,-186.064
267.849,-206.851
267.859,-246.801
267.867,-170.804
267.879,-249.363
267.886,-186.600
267.906,-206.432
267.907,-246.533
267.916,-165.126
267.929,-248.693
267.937,-186.600
267.956,-206.030
267.957,-246.801
267.970,-165.126
267.979,-248.693
267.986,-186.868
267.996,-206.566
268.014,-247.471
268.016,-165.126
268.027,-248.693
268.036,-187.136
268.045,-204.137
268.063,-247.471
268.066,-165.126
268.076,-249.095
268.088,-187.940
268.096,-206.432
268.105,-248.559
268.123,-165.544
268.127,-248.961
268.138,-188.492
268.148,-205.226
268.156,-248.007
268.173,-165.126
268.176,-248.425
268.186,-188.760
268.197,-205.360
268.206,-248.827
268.216,-165.544
268.231,-248.141
268.237,-188.074
268.247,-204.690
268.256,-248.007
268.265,-164.724
268.281,-247.873
268.286,-188.894
268.296,-204.271
268.308,-248.961
268.316,-165.260
268.326,-247.873
268.340,-189.162
268.350,-204.003
268.357,-249.095
268.366,-165.126
268.376,-247.605
268.388,-189.698
268.398,-204.405
268.407,-249.363
268.419,-165.126
268.426,-247.203
268.447,-189.430
268.449,-203.869
268.458,-250.034
268.473,-172.010
268.476,-247.739
268.486,-190.787
268.499,-203.869
268.508,-250.034
268.521,-165.126
268.528,-247.203
268.535,-190.369
268.556,-203.333
268.558,-249.899
268.568,-165.126
268.576,-247.069
268.588,-191.055
268.595,-203.199
268.607,-250.168
268.617,-164.858
268.631,-246.935
268.638,-191.055
268.646,-202.529
268.664,-250.302
268.668,-164.724
268.680,-246.935
268.689,-191.189
268.696,-202.111
268.716,-250.302
268.717,-164.590
268.726,-246.935
268.740,-191.189
268.747,-201.977
268.756,-250.854
268.766,-164.992
268.786,-246.265
268.790,-191.457
268.798,-201.575
268.806,-250.586
268.818,-164.322
268.830,-245.042
268.837,-191.859
268.846,-201.441
268.860,-251.390
268.867,-164.724
268.876,-246.265
268.896,-192.395
268.898,-201.039
268.910,-251.524
268.916,-164.724
268.926,-245.578
268.946,-193.350
268.947,-200.637
268.960,-251.524
268.970,-165.126
268.978,-246.399
268.986,-194.422
269.004,-201.039
269.006,-251.658
269.019,-164.992
269.029,-245.444
269.036,-193.618
269.055,-200.369
269.057,-251.658
269.066,-164.858
269.079,-245.176
269.085,-194.422
269.096,-199.966
269.113,-251.926
269.117,-164.724
269.127,-245.310
269.137,-194.556
269.146,-199.682
269.165,-252.328
269.167,-165.126
269.177,-245.176
269.188,-195.226
269.196,-199.682
269.206,-253.015
269.222,-164.992
269.227,-244.908
269.236,-195.226
269.247,-199.414
269.256,-252.596
269.271,-164.858
269.279,-244.238
269.286,-195.511
269.296,-198.744
269.306,-252.881
269.315,-164.322
269.331,-243.702
269.340,-195.511
269.346,-198.074
269.356,-252.730
269.366,-164.724
269.380,-243.702
269.390,-191.055
269.397,-198.074
269.406,-252.881
269.416,-164.322
269.438,-243.551
269.440,-196.851
269.449,-197.672
269.458,-253.149
269.470,-164.188
269.476,-243.283
269.488,-197.387
269.497,-197.253
269.506,-253.417
269.518,-164.188
269.526,-242.881
269.546,-197.119
269.548,-196.181
269.559,-253.149
269.566,-162.563
269.579,-242.747
269.586,-197.940
269.598,-196.851
269.607,-253.819
269.616,-164.188
269.628,-242.747
269.636,-197.672
269.653,-195.779
269.656,-253.953
269.669,-164.188
269.678,-242.881
269.686,-198.744
269.702,-196.047
269.706,-254.087
269.717,-164.590
269.726,-242.479
269.736,-199.414
269.746,-195.511
269.762,-253.819
269.767,-164.456
269.776,-242.881
269.787,-199.966
269.796,-195.645
269.811,-254.355
269.818,-164.724
269.827,-243.015
269.837,-199.682
269.846,-195.377
269.856,-255.578
269.870,-164.590
269.880,-245.042
269.888,-200.235
269.896,-194.958
269.906,-255.310
269.916,-164.992
269.927,-242.077
269.940,-200.369
269.947,-193.886
269.955,-255.444
269.965,-165.126
269.979,-241.407
269.990,-201.039
269.997,-195.226
270.006,-255.444
270.016,-164.724
270.028,-241.407
270.037,-201.307
270.047,-194.422
270.057,-255.846
270.066,-164.992
270.085,-241.541
270.086,-202.395
270.097,-194.020
270.110,-255.846
270.118,-164.724
270.136,-240.988
270.138,-203.199
270.150,-193.350
270.160,-255.712
270.168,-165.126
270.176,-240.586
270.197,-203.601
270.198,-193.216
270.208,-255.712
270.216,-164.724
270.228,-240.184
270.236,-202.663
270.246,-192.529
270.260,-255.712
270.270,-164.858
270.277,-240.050
270.286,-203.601
270.304,-191.725
270.307,-255.578
270.320,-164.322
270.328,-239.514
270.336,-203.065
270.357,-191.189
270.358,-255.846
270.366,-164.992
270.379,-238.827
270.385,-204.003
270.396,-191.457
270.414,-255.846
270.417,-164.456
270.428,-238.827
270.437,-204.003
270.446,-191.055
270.464,-255.846
270.467,-165.126
270.478,-239.514
270.488,-205.226
270.496,-191.457
270.506,-256.248
270.518,-165.126
270.525,-238.559
270.537,-205.628
270.547,-191.055
270.556,-255.980
270.570,-164.858
270.576,-238.693
270.587,-206.030
270.597,-190.921
270.606,-255.846
270.616,-164.724
270.630,-238.291
270.640,-205.762
270.646,-189.832
270.656,-255.980
270.666,-164.858
270.678,-238.559
270.690,-206.566
270.697,-189.564
270.706,-256.516
270.716,-165.260
270.726,-238.559
270.737,-206.432
270.751,-188.894
270.758,-255.846
270.767,-165.126
270.779,-214.941
270.786,-208.057
270.803,-189.564
270.807,-257.052
270.818,-165.544
270.827,-238.425
270.836,-208.057
270.846,-186.734
270.862,-256.114
270.866,-165.126
270.877,-237.085
270.886,-208.325
270.896,-188.760
270.910,-256.248
270.919,-165.544
270.928,-237.353
270.937,-208.995
270.946,-188.760
270.955,-257.320
270.968,-165.544
270.977,-236.817
270.986,-208.459
270.998,-187.940
271.014,-257.320
271.018,-165.544
271.028,-236.817
271.036,-209.280
271.048,-188.074
271.055,-256.784
271.078,-165.126
271.079,-236.131
271.089,-209.950
271.096,-187.002
271.106,-257.052
271.116,-165.812
271.129,-236.265
271.139,-210.352
271.147,-187.404
271.159,-257.186
271.166,-165.812
271.187,-236.265
271.188,-210.620
271.197,-186.332
271.206,-256.650
271.218,-165.410
271.231,-235.461
271.237,-210.620
271.248,-186.332
271.257,-257.320
271.268,-165.544
271.276,-234.791
271.297,-211.290
271.299,-185.779
271.308,-257.186
271.316,-165.946
271.329,-234.372
271.336,-211.290
271.347,-186.332
271.358,-257.873
271.367,-166.348
271.377,-234.925
271.386,-212.647
271.396,-186.064
271.405,-257.605
271.418,-166.482
271.427,-234.238
271.440,-212.647
271.447,-184.975
271.464,-257.320
271.477,-234.238
271.489,-212.781
271.496,-184.707
271.505,-257.320
271.527,-166.884
271.528,-234.238
271.539,-213.049
271.547,-184.573
271.556,-257.605
271.565,-167.018
271.578,-234.238
271.588,-215.209
271.595,-184.573
271.608,-257.739
271.616,-166.884
271.635,-234.104
271.638,-215.477
271.649,-184.305
271.659,-257.873
271.667,-167.152
271.686,-233.434
271.688,-216.164
271.696,-183.769
271.706,-257.739
271.718,-167.286
271.726,-234.238
271.748,-248.961
271.749,-184.305
271.760,-258.141
271.766,-167.420
271.777,-233.568
271.796,-216.968
271.799,-183.769
271.807,-257.873
271.816,-167.839
271.826,-233.970
271.836,-216.968
271.846,-183.618
271.868,-257.739
271.869,-167.554
271.879,-232.228
271.886,-217.504
271.897,-182.546
271.906,-258.007
271.917,-167.705
271.928,-232.228
271.937,-217.102
271.948,-182.278
271.956,-257.605
271.976,-167.286
271.978,-231.407
271.988,-217.772
271.997,-182.144
272.008,-257.471
272.016,-167.839
272.026,-231.943
272.037,-218.593
272.050,-180.385
272.057,-257.605
272.066,-169.313
272.084,-231.139
272.086,-218.727
272.097,-180.787
272.109,-257.186
272.116,-167.286
272.136,-230.201
272.137,-219.531
272.150,-180.921
272.160,-257.186
272.169,-167.705
272.176,-230.067
272.185,-219.129
272.196,-180.653
272.208,-256.784
272.218,-167.973
272.226,-229.933
272.240,-219.933
272.246,-180.921
272.258,-257.320
272.269,-168.643
272.278,-229.933
272.289,-220.067
272.296,-180.251
272.316,-257.739
272.318,-168.241
272.326,-229.933
272.340,-220.888
272.348,-180.117
272.360,-257.052
272.366,-168.643
272.377,-229.514
272.390,-221.290
272.397,-179.983
272.405,-257.320
272.426,-168.509
272.427,-229.246
272.439,-221.290
272.449,-179.581
272.456,-257.052
272.477,-169.179
272.478,-229.514
272.487,-221.692
272.500,-179.715
272.508,-256.918
272.516,-169.313
272.526,-229.380
272.536,-222.496
272.547,-178.760
272.557,-257.052
272.568,-169.179
272.578,-229.112
272.585,-223.183
272.597,-178.894
272.607,-257.471
272.616,-169.447
272.627,-228.040
272.635,-223.049
272.657,-178.090
272.658,-256.248
272.669,-169.179
272.677,-228.040
272.688,-223.451
272.696,-178.090
272.708,-257.186
272.717,-169.447
272.730,-227.772
272.738,-223.853
272.746,-178.090
272.767,-257.186
272.769,-169.581
272.780,-227.219
272.787,-224.389
272.798,-177.956
272.806,-256.784
272.817,-169.447
272.826,-227.353
272.840,-224.657
272.847,-177.420
272.856,-257.052
272.876,-169.447
272.877,-226.415
272.889,-224.791
272.899,-176.600
272.907,-256.650
272.926,-169.581
272.928,-226.281
272.939,-225.611
272.949,-176.884
272.956,-256.650
272.965,-170.134
272.975,-226.281
272.998,-225.611
272.999,-176.198
273.008,-256.248
273.017,-170.268
273.028,-225.611
273.035,-225.745
273.049,-176.064
273.058,-256.516
273.067,-170.134
273.079,-225.611
273.086,-226.147
273.107,-175.796
273.108,-256.516
273.117,-170.804
273.126,-225.343
273.138,-226.281
273.146,-175.796
273.156,-256.382
273.170,-171.206
273.179,-225.059
273.187,-226.951
273.196,-175.528
273.214,-256.650
273.216,-171.742
273.229,-225.611
273.238,-227.906
273.246,-175.930
273.265,-257.052
273.268,-173.233
273.278,-225.343
273.289,-228.308
273.297,-174.992
273.306,-256.248
273.315,-171.876
273.332,-224.925
273.337,-228.978
273.348,-174.992
273.359,-256.516
273.366,-172.295
273.382,-223.719
273.386,-228.978
273.396,-174.992
273.408,-255.846
273.416,-172.010
273.425,-223.719
273.441,-229.246
273.446,-174.439
273.457,-255.980
273.466,-172.010
273.476,-223.317
273.489,-229.514
273.498,-173.769
273.507,-255.846
273.518,-172.831
273.525,-223.451
273.536,-229.933
273.549,-173.903
273.558,-255.846
273.567,-172.295
273.578,-222.496
273.586,-230.335
273.598,-173.635
273.607,-255.846
273.620,-172.697
273.628,-222.094
273.636,-229.933
273.659,-173.501
273.660,-255.578
273.669,-172.831
273.677,-221.692
273.686,-230.469
273.695,-173.367
273.708,-255.712
273.718,-173.367
273.728,-222.228
273.738,-231.943
273.746,-173.367
273.765,-255.712
273.767,-173.501
273.779,-221.558
273.787,-231.273
273.798,-172.563
273.806,-255.846
273.817,-173.501
273.826,-221.424
273.840,-232.362
273.847,-172.295
273.856,-255.310
273.865,-173.635
273.876,-221.290
273.888,-232.362
273.898,-172.295
273.907,-255.176
273.918,-173.903
273.926,-221.022
273.937,-232.764
273.950,-172.144
273.956,-255.176
273.967,-174.171
273.975,-220.888
273.998,-233.434
273.999,-171.742
274.009,-255.025
274.016,-174.305
274.026,-220.335
274.036,-233.970
274.049,-171.876
274.059,-255.025
274.067,-174.439
274.078,-219.799
274.085,-234.238
274.105,-171.608
274.106,-255.176
274.121,-175.260
274.127,-220.335
274.137,-234.523
274.154,-171.608
274.157,-255.176
274.167,-174.992
274.179,-219.397
274.186,-234.372
274.196,-171.608
274.214,-255.444
274.216,-176.064
274.229,-219.263
274.238,-235.327
274.246,-171.340
274.265,-255.025
274.267,-176.064
274.279,-219.531
274.289,-235.193
274.296,-171.474
274.305,-254.891
274.322,-176.198
274.327,-219.129
274.337,-235.863
274.348,-171.340
274.356,-255.176
274.370,-177.286
274.376,-218.861
274.387,-236.265
274.397,-170.938
274.406,-255.176
274.416,-176.734
274.431,-218.727
274.436,-236.667
274.446,-170.938
274.456,-254.757
274.466,-177.152
274.479,-218.174
274.489,-236.399
274.496,-170.536
274.506,-253.819
274.515,-176.734
274.525,-217.236
274.538,-236.533
274.549,-170.134
274.557,-253.685
274.566,-177.420
274.576,-217.370
274.589,-237.353
274.598,-169.849
274.606,-253.819
274.619,-177.286
274.626,-216.968
274.648,-237.889
274.650,-169.715
274.659,-253.819
274.666,-177.420
274.679,-216.968
274.685,-238.157
274.697,-169.581
274.708,-253.685
274.716,-178.090
274.729,-216.700
274.738,-256.248
274.757,-169.447
274.759,-253.685
274.767,-178.090
274.780,-216.298
274.788,-238.425
274.796,-169.179
274.808,-253.283
274.816,-178.090
274.830,-215.611
274.837,-238.291
274.845,-169.447
274.855,-253.417
274.866,-178.090
274.878,-215.343
274.887,-238.559
274.898,-169.045
274.909,-253.551
274.916,-178.492
274.929,-215.611
274.937,-238.961
274.947,-169.313
274.958,-252.730
274.966,-180.519
274.988,-214.941
274.998,-169.447
275.006,-252.194
275.016,-181.742
275.026,-215.075
275.039,-239.782
275.049,-169.045
275.056,-252.730
275.066,-179.715
275.076,-214.941
275.096,-240.184
275.097,-169.045
275.110,-253.015
275.116,-179.983
275.128,-212.915
275.139,-239.782
275.147,-168.375
275.158,-252.730
275.166,-179.849
275.177,-212.647
275.185,-240.452
275.204,-167.973
275.207,-252.194
275.218,-179.849
275.228,-212.647
275.236,-240.318
275.255,-167.152
275.257,-251.658
275.268,-180.251
275.278,-210.486
275.286,-240.854
275.295,-167.554
275.318,-251.792
275.319,-180.117
275.328,-212.513
275.336,-240.854
275.349,-167.286
275.356,-251.658
275.368,-181.608
275.380,-212.781
275.387,-242.211
275.396,-168.107
275.406,-251.926
275.415,-181.055
275.426,-211.977
275.440,-241.675
275.446,-167.018
275.456,-251.524
275.467,-181.055
275.476,-212.245
275.490,-241.675
275.499,-167.286
275.507,-251.792
275.516,-181.055
275.525,-211.156
275.536,-242.211
275.548,-167.286
275.559,-251.122
275.567,-182.278
275.579,-210.888
275.585,-242.747
275.598,-167.152
275.607,-250.720
275.617,-181.055
275.628,-208.727
275.636,-242.345
275.658,-167.152
275.660,-250.720
275.669,-182.144
275.676,-210.888
275.689,-243.015
275.695,-166.884
275.708,-250.720
275.717,-182.010
275.726,-209.950
275.738,-242.881
275.746,-166.616
275.767,-250.854
275.768,-182.680
275.776,-210.218
275.786,-243.551
275.799,-166.616
275.806,-250.302
275.818,-182.412
275.828,-209.950
275.837,-243.283
275.846,-166.214
275.856,-250.854
275.866,-183.350
275.876,-210.352
275.889,-243.702
275.900,-166.348
275.908,-250.586
275.916,-182.814
275.926,-208.995
275.940,-243.970
275.950,-167.018
275.957,-251.122
275.966,-183.082
275.975,-209.548
275.999,-244.908
276.000,-166.884
276.009,-250.302
276.017,-183.903
276.029,-208.861
276.036,-244.506
276.048,-165.812
276.058,-250.586
276.067,-184.171
276.078,-208.459
276.086,-245.310
276.106,-165.946
276.109,-249.899
276.119,-184.037
276.126,-208.459
276.136,-245.310
276.146,-166.616
276.159,-250.586
276.168,-185.779
276.176,-208.995
276.186,-245.846
276.196,-166.884
276.205,-250.720
276.215,-185.243
276.230,-208.325
276.240,-243.417
276.247,-165.812
276.256,-250.034
276.266,-185.377
276.278,-206.851
276.288,-245.444
276.296,-165.410
276.309,-249.631
276.316,-185.779
276.326,-207.387
276.347,-246.265
276.348,-165.544
276.358,-250.034
276.371,-185.779
276.378,-207.655
276.385,-246.533
276.398,-165.126
276.407,-249.363
276.419,-185.779
276.428,-207.387
276.436,-246.399
276.458,-164.858
276.458,-248.961
276.468,-186.064
276.478,-206.566
276.488,-247.069
276.496,-165.126
276.508,-248.693
276.520,-186.734
276.529,-206.432
276.536,-246.801
276.546,-165.260
276.564,-249.095
276.566,-186.868
276.579,-206.164
276.590,-246.935
276.598,-165.126
276.614,-248.425
276.617,-186.332
276.627,-206.164
276.640,-247.203
276.648,-165.126
276.656,-249.229
276.665,-187.002
276.686,-206.030
276.688,-247.069
276.698,-165.126
276.707,-248.559
276.718,-186.734
276.726,-205.226
276.738,-247.203
276.746,-164.992
276.755,-248.559
276.767,-187.538
276.776,-205.762
276.800,-256.516
276.801,-165.126
276.808,-248.425
276.816,-187.404
276.826,-205.226
276.836,-247.739
276.849,-165.126
276.858,-248.559
276.866,-188.492
276.878,-205.226
276.885,-247.739
276.895,-165.126
276.906,-247.873
276.919,-188.208
276.928,-204.556
276.935,-247.873
276.946,-164.858
276.956,-247.873
276.968,-188.626
276.979,-204.405
276.987,-248.693
276.997,-165.126
277.005,-247.873
277.015,-189.296
277.028,-204.405
277.039,-248.141
277.045,-164.590
277.056,-247.471
277.066,-189.296
277.080,-204.556
277.089,-249.363
277.096,-165.126
277.106,-247.471
277.115,-189.564
277.125,-204.003
277.139,-248.961
277.149,-164.724
277.157,-247.203
277.167,-189.296
277.176,-204.003
277.189,-249.363
277.198,-165.126
277.206,-247.203
277.219,-190.101
277.226,-203.065
277.248,-249.497
277.250,-164.590
277.259,-247.203
277.266,-189.966
277.276,-203.333
277.285,-250.034
277.299,-164.992
277.309,-246.667
277.317,-190.369
277.329,-203.065
277.336,-250.720
277.357,-164.992
277.359,-246.935
277.367,-190.653
277.376,-203.199
277.388,-250.302
277.396,-164.992
277.406,-247.203
277.417,-191.055
277.429,-203.065
277.436,-250.302
277.445,-164.992
277.465,-247.069
277.467,-191.591
277.479,-202.395
277.489,-250.302
277.497,-165.126
277.515,-246.399
277.517,-191.189
277.531,-201.575
277.537,-250.302
277.548,-164.456
277.556,-246.399
277.565,-191.189
277.586,-201.441
277.588,-250.586
277.597,-164.456
277.606,-245.846
277.617,-191.859
277.625,-201.039
277.637,-250.854
277.650,-164.724
277.657,-245.846
277.667,-192.127
277.676,-201.441
277.697,-251.524
277.698,-164.992
277.708,-245.997
277.716,-192.663
277.728,-201.441
277.736,-251.524
277.749,-165.126
277.757,-245.846
277.766,-193.350
277.777,-201.039
277.785,-251.524
277.804,-164.456
277.808,-245.578
277.819,-193.350
277.829,-200.637
277.837,-251.658
277.854,-164.858
277.858,-245.846
277.867,-194.422
277.876,-200.905
277.890,-252.462
277.896,-164.858
277.905,-245.712
277.928,-193.886
277.928,-200.101
277.938,-252.194
277.946,-164.590
277.959,-245.176
277.966,-194.690
277.977,-200.637
277.986,-252.881
277.996,-165.126
278.007,-244.506
278.015,-195.377
278.034,-199.816
278.037,-252.462
278.046,-164.992
278.059,-245.042
278.066,-195.226
278.085,-199.682
278.086,-252.462
278.099,-164.590
278.109,-245.042
278.116,-195.377
278.126,-199.414
278.146,-252.881
278.148,-164.724
278.156,-245.176
278.169,-195.377
278.176,-197.940
278.196,-253.417
278.198,-164.724
278.207,-244.506
278.216,-195.511
278.228,-198.878
278.236,-252.881
278.245,-164.992
278.267,-244.104
278.269,-196.315
278.287,-165.126
278.296,-163.920
278.306,-243.836
278.320,-195.779
278.329,-199.012
278.337,-252.730
278.345,-164.456
278.356,-243.551
278.376,-196.047
278.378,-198.342
278.387,-253.149
278.396,-163.920
278.408,-244.104
278.416,-196.717
278.427,-197.940
278.436,-253.551
278.447,-164.456
278.458,-243.702
278.466,-196.583
278.485,-197.806
278.486,-253.551
278.498,-164.322
278.509,-243.283
278.517,-197.119
278.536,-197.521
278.537,-253.149
278.546,-163.920
278.557,-243.283
278.567,-197.119
278.575,-197.119
278.585,-253.685
278.608,-163.920
278.609,-242.881
278.618,-197.119
278.626,-196.985
278.636,-253.551
278.646,-164.456
278.658,-243.149
278.668,-197.387
278.677,-196.851
278.688,-253.953
278.695,-164.724
278.716,-243.283
278.718,-198.878
278.726,-196.985
278.740,-254.087
278.747,-164.724
278.766,-242.881
278.768,-197.940
278.778,-196.449
278.787,-253.819
278.798,-164.724
278.806,-242.881
278.815,-198.208
278.825,-195.913
278.838,-253.551
278.849,-164.322
278.858,-242.881
278.866,-199.012
278.876,-196.449
278.889,-254.355
278.899,-164.858
278.907,-242.881
278.919,-199.280
278.926,-196.047
278.948,-254.087
278.950,-164.188
278.959,-242.613
278.967,-199.012
278.975,-195.645
278.986,-254.489
278.998,-164.590
279.007,-242.479
279.016,-199.414
279.028,-195.511
279.036,-254.489
279.056,-164.724
279.057,-241.943
279.069,-199.146
279.077,-195.092
279.089,-253.953
279.095,-163.920
279.108,-241.943
279.120,-199.414
279.126,-194.690
279.138,-253.819
279.146,-164.054
279.166,-241.407
279.167,-199.682
279.177,-194.958
279.187,-254.489
279.199,-163.786
279.206,-241.256
279.219,-200.101
279.228,-194.690
279.237,-254.221
279.248,-164.188
279.255,-241.407
279.265,-199.816
279.275,-194.690
279.289,-253.953
279.299,-163.384
279.307,-241.407
279.316,-200.503
279.326,-194.556
279.339,-255.025
279.348,-164.322
279.356,-240.988
279.368,-200.503
279.375,-194.690
279.386,-255.025
279.396,-164.456
279.408,-240.854
279.419,-200.503
279.427,-193.752
279.436,-255.025
279.446,-164.590
279.459,-240.586
279.469,-201.307
279.476,-193.886
279.486,-255.444
279.495,-164.322
279.516,-241.256
279.518,-201.977
279.528,-193.886
279.537,-255.444
279.547,-164.724
279.555,-240.720
279.568,-201.575
279.577,-193.350
279.586,-255.025
279.599,-164.456
279.606,-240.854
279.626,-201.977
279.628,-193.484
279.638,-255.712
279.647,-164.188
279.658,-240.586
279.665,-202.261
279.678,-193.350
279.686,-255.310
279.696,-164.724
279.707,-240.720
279.716,-202.797
279.734,-193.082
279.736,-255.025
279.747,-164.724
279.758,-240.184
279.766,-202.797
279.782,-192.931
279.787,-255.444
279.798,-164.188
279.807,-240.184
279.816,-203.065
279.825,-191.993
279.842,-255.846
279.847,-164.188
279.857,-239.916
279.866,-203.065
279.876,-192.395
279.893,-255.846
279.897,-164.858
279.907,-239.782
279.916,-203.199
279.926,-192.395
279.936,-255.846
279.949,-164.858
279.959,-239.782
279.967,-203.199
279.976,-191.457
279.985,-255.846
279.998,-164.858
280.007,-239.380
280.016,-203.601
280.028,-191.457
280.036,-255.578
280.057,-164.322
280.059,-238.827
280.069,-203.601
280.076,-191.323
280.086,-255.712
280.096,-164.858
280.110,-239.246
280.120,-204.003
280.126,-191.323
280.136,-255.846
280.146,-164.322
280.155,-238.961
280.166,-203.601
280.182,-191.055
280.186,-255.025
280.195,-163.920
280.206,-238.559
280.216,-204.137
280.231,-191.189
280.237,-255.712
280.246,-164.188
280.258,-238.827
280.266,-204.405
280.276,-191.055
280.291,-255.712
280.296,-164.858
280.306,-239.112
280.318,-204.405
280.326,-191.055
280.340,-255.846
280.348,-164.322
280.356,-238.693
280.366,-204.405
280.376,-191.055
280.386,-256.114
280.398,-164.724
280.409,-239.246
280.417,-205.226
280.426,-190.787
280.436,-255.846
280.447,-165.126
280.458,-238.693
280.467,-205.360
280.478,-191.055
280.486,-255.980
280.508,-165.126
280.509,-238.291
280.518,-205.226
280.527,-191.055
280.539,-256.114
280.546,-165.126
280.560,-239.246
280.568,-206.164
280.576,-190.787
280.586,-256.248
280.596,-164.992
280.615,-238.827
280.616,-206.030
280.627,-190.921
280.640,-256.382
280.649,-165.126
280.656,-238.559
280.669,-206.566
280.679,-190.369
280.688,-256.114
280.696,-165.126
280.705,-238.559
280.715,-206.164
280.726,-190.235
280.740,-255.980
280.750,-165.126
280.757,-238.157
280.766,-206.164
280.776,-189.162
280.790,-256.248
280.799,-165.126
280.807,-238.291
280.816,-206.985
280.826,-189.832
280.836,-256.248
280.848,-165.126
280.858,-237.889
280.866,-206.432
280.877,-189.162
280.885,-255.980
280.897,-165.126
280.906,-237.621
280.920,-208.727
280.927,-189.296
280.935,-256.650
280.957,-164.992
280.958,-237.353
280.967,-204.137
280.978,-189.028
280.988,-256.248
280.996,-165.126
281.006,-237.755
281.019,-207.923
281.030,-189.162
281.037,-256.248
281.046,-165.126
281.065,-237.755
281.066,-207.923
281.076,-188.626
281.089,-255.980
281.096,-164.992
281.116,-237.353
281.117,-207.521
281.126,-188.358
281.136,-255.846
281.148,-164.992
281.156,-236.817
281.165,-207.521
281.186,-187.940
281.188,-255.846
281.197,-165.126
281.210,-236.817
281.217,-207.923
281.236,-188.208
281.238,-256.382
281.247,-164.992
281.256,-236.533
281.268,-208.325
281.276,-188.626
281.297,-256.248
281.299,-164.992
281.307,-236.131
281.317,-208.325
281.327,-187.672
281.347,-256.114
281.348,-164.992
281.357,-236.399
281.366,-208.459
281.377,-187.940
281.386,-257.052
281.395,-165.126
281.406,-236.667
281.418,-208.727
281.427,-187.538
281.436,-258.007
281.447,-165.126
281.463,-236.265
281.468,-209.146
281.477,-187.404
281.486,-256.382
281.498,-165.260
281.506,-236.533
281.527,-208.995
281.529,-187.136
281.539,-255.176
281.554,-203.735
281.556,-236.667
281.565,-209.816
281.580,-187.404
281.589,-256.650
281.596,-165.126
281.606,-236.265
281.616,-208.727
281.625,-186.734
281.635,-256.516
281.650,-165.260
281.659,-234.925
281.666,-209.816
281.678,-187.002
281.685,-256.650
281.697,-165.126
281.707,-234.925
281.716,-209.280
281.728,-186.466
281.736,-256.114
281.745,-165.126
281.758,-235.059
281.768,-209.682
281.776,-186.734
281.789,-256.248
281.796,-165.126
281.808,-235.059
281.817,-210.084
281.831,-186.600
281.838,-256.114
281.845,-165.126
281.866,-235.461
281.868,-210.486
281.878,-186.466
281.886,-256.248
281.898,-165.126
281.906,-234.925
281.918,-211.022
281.930,-186.466
281.937,-256.248
281.949,-165.260
281.955,-235.059
281.975,-210.352
281.976,-186.064
281.987,-256.114
281.999,-165.126
282.006,-234.657
282.026,-210.352
282.028,-185.243
282.036,-256.650
282.046,-165.260
282.056,-234.657
282.066,-210.888
282.075,-186.332
282.085,-257.052
282.097,-165.126
282.108,-234.523
282.117,-210.620
282.128,-186.332
282.135,-256.248
282.147,-165.410
282.156,-234.523
282.169,-211.156
282.176,-186.466
282.186,-256.784
282.208,-165.126
282.210,-234.925
282.218,-211.709
282.227,-185.779
282.237,-256.382
282.254,-165.544
282.257,-238.157
282.267,-211.977
282.276,-185.913
282.288,-256.248
282.296,-165.544
282.315,-234.523
282.316,-211.156
282.329,-185.779
282.339,-256.114
282.346,-165.812
282.365,-234.372
282.368,-211.843
282.377,-184.975
282.386,-256.248
282.398,-165.260
282.406,-234.372
282.415,-211.441
282.425,-184.305
282.438,-256.382
282.450,-165.260
282.456,-234.104
282.467,-212.111
282.483,-185.913
282.486,-256.650
282.496,-165.946
282.505,-233.970
282.517,-211.843
282.526,-185.109
282.547,-257.052
282.548,-165.946
282.558,-234.104
282.568,-212.379
282.579,-184.439
282.586,-255.980
282.597,-165.126
282.607,-233.836
282.616,-212.513
282.628,-184.841
282.636,-256.516
282.655,-165.946
282.656,-234.238
282.670,-212.647
282.680,-184.841
282.687,-256.918
282.706,-165.946
282.708,-234.104
282.717,-212.513
282.729,-184.439
282.737,-256.248
282.746,-165.812
282.764,-233.836
282.766,-212.513
282.779,-184.707
282.788,-257.052
282.798,-183.216
282.815,-234.238
282.817,-212.647
282.829,-184.707
282.838,-256.650
282.846,-165.946
282.855,-234.104
282.866,-212.647
282.886,-184.573
282.889,-256.650
282.900,-165.410
282.906,-233.836
282.918,-212.647
282.937,-184.171
282.937,-257.052
282.947,-165.544
282.955,-234.238
282.967,-212.915
282.976,-184.573
282.994,-256.650
282.995,-165.812
283.008,-233.970
283.018,-212.781
283.025,-184.305
283.045,-256.784
283.047,-165.544
283.059,-233.032
283.069,-212.647
283.076,-184.305
283.085,-256.784
283.095,-166.080
283.116,-234.104
283.117,-213.049
283.128,-184.305
283.136,-257.186
283.148,-166.348
283.155,-234.104
283.166,-214.941
283.176,-184.305
283.189,-257.320
283.196,-166.616
283.206,-233.970
283.227,-214.941
283.229,-184.573
283.238,-257.186
283.246,-166.482
283.258,-234.104
283.265,-214.941
283.277,-184.573
283.287,-257.186
283.300,-166.348
283.307,-234.238
283.316,-214.941
283.326,-184.171
283.335,-257.052
283.348,-166.348
283.357,-233.836
283.369,-214.941
283.376,-184.037
283.395,-256.650
283.397,-165.946
283.409,-233.300
283.418,-214.941
283.426,-183.618
283.435,-256.650
283.456,-165.410
283.458,-232.898
283.466,-213.049
283.480,-183.769
283.487,-256.382
283.505,-165.410
283.506,-233.300
283.519,-212.915
283.529,-183.769
283.536,-257.186
283.545,-166.080
283.565,-233.970
283.566,-215.075
283.576,-183.903
283.589,-256.650
283.597,-166.348
283.616,-233.032
283.618,-214.941
283.627,-183.769
283.636,-256.382
283.648,-165.678
283.656,-232.764
283.666,-213.049
283.676,-183.082
283.688,-256.248
283.698,-163.652
283.707,-232.496
283.718,-212.915
283.725,-182.814
283.737,-256.516
283.749,-165.678
283.758,-232.764
283.765,-214.941
283.775,-183.618
283.786,-257.052
283.797,-166.482
283.807,-232.362
283.816,-214.941
283.827,-183.082
283.846,-256.516
283.848,-165.946
283.859,-233.300
283.869,-214.941
283.876,-183.903
283.885,-256.650
283.908,-166.348
283.909,-233.032
283.918,-214.941
283.926,-183.618
283.939,-255.578
283.946,-166.482
283.957,-233.300
283.970,-214.941
283.980,-183.769
283.987,-256.516
283.995,-167.018
284.015,-233.300
284.016,-214.941
284.029,-183.216
284.038,-256.650
284.045,-166.616
284.065,-233.300
284.066,-214.941
284.077,-183.618
284.086,-257.186
284.096,-166.482
284.105,-233.434
284.123,-214.941
284.126,-183.216
284.138,-256.516
284.148,-164.456
284.156,-232.764
284.174,-214.941
284.177,-183.769
284.188,-257.052
284.197,-166.214
284.205,-233.300
284.215,-214.941
284.232,-183.618
284.237,-256.650
284.247,-166.348
284.256,-233.568
284.265,-214.941
284.281,-183.903
284.288,-256.516
284.296,-166.482
284.306,-233.434
284.315,-214.941
284.326,-184.171
284.335,-256.784
284.348,-165.946
284.358,-233.434
284.367,-215.075
284.375,-183.216
284.385,-256.516
284.399,-165.678
284.408,-232.630
284.417,-213.049
284.425,-182.680
284.436,-256.382
284.446,-166.214
284.455,-233.434
284.473,-214.941
284.477,-183.350
284.488,-256.248
284.499,-165.126
284.506,-232.898
284.527,-213.049
284.528,-182.680
284.539,-256.382
284.547,-165.812
284.556,-232.362
284.565,-212.915
284.575,-184.171
284.595,-255.846
284.596,-165.260
284.609,-232.228
284.617,-213.049
284.626,-183.216
284.635,-255.980
284.649,-165.812
284.659,-232.898
284.666,-214.941
284.675,-183.350
284.686,-257.052
284.695,-165.946
284.705,-233.032
284.719,-213.183
284.728,-183.618
284.736,-256.650
284.749,-165.812
284.756,-233.166
284.768,-214.941
284.778,-183.769
284.786,-256.382
284.798,-165.410
284.806,-233.970
284.832,-255.444
284.834,-184.171
284.837,-257.186
284.848,-166.482
284.856,-233.300
284.865,-213.183
284.880,-183.903
284.889,-256.784
284.896,-166.080
284.906,-233.568
284.915,-214.941
284.936,-184.037
284.937,-256.650
284.951,-165.812
284.961,-233.568
284.968,-213.183
284.975,-183.903
284.987,-256.784
284.996,-166.348
285.009,-233.568
285.016,-214.941
285.026,-184.305
285.043,-257.186
285.046,-165.946
285.058,-233.568
285.068,-213.049
285.076,-183.903
285.095,-256.650
285.096,-165.946
285.108,-232.898
285.119,-213.317
285.126,-184.707
285.135,-257.186
285.145,-165.946
285.155,-233.300
285.167,-213.049
285.177,-184.439
285.186,-256.516
285.197,-165.812
285.206,-233.836
285.218,-212.647
285.227,-184.037
285.240,-256.248
285.246,-166.080
285.255,-233.032
285.277,-212.647
285.280,-183.903
285.289,-256.516
285.297,-165.678
285.306,-233.836
285.315,-212.647
285.328,-184.037
285.338,-256.784
285.346,-165.812
285.355,-234.238
285.366,-212.647
285.375,-184.171
285.395,-256.114
285.395,-165.812
285.406,-233.836
285.419,-212.647
285.426,-184.305
285.447,-255.980
285.448,-165.812
285.457,-233.702
285.466,-212.513
285.478,-184.439
285.485,-256.382
285.495,-165.410
285.516,-234.104
285.519,-212.647
285.526,-184.439
285.539,-255.980
285.546,-165.410
285.564,-233.702
285.567,-212.647
285.576,-184.573
285.589,-256.114
285.597,-165.410
285.606,-234.238
285.624,-212.647
285.626,-184.841
285.637,-255.846
285.650,-165.126
285.658,-233.568
285.674,-212.245
285.677,-184.707
285.686,-256.650
285.699,-165.410
285.708,-234.372
285.715,-212.647
285.725,-184.573
285.735,-257.320
285.748,-165.410
285.757,-233.568
285.766,-211.843
285.778,-184.707
285.786,-256.650
285.795,-165.260
285.807,-234.238
285.817,-212.245
285.828,-184.975
285.836,-257.320
285.857,-165.544
285.858,-234.238
285.869,-211.843
285.877,-184.975
285.888,-256.516
285.895,-165.260
285.908,-233.970
285.917,-211.843
285.927,-185.109
285.938,-256.784
285.945,-165.260
285.966,-234.238
285.969,-211.709
285.977,-185.109
285.990,-256.248
285.997,-165.410
286.014,-234.238
286.017,-211.575
286.027,-185.243
286.036,-256.516
286.047,-165.410
286.056,-234.238
286.074,-211.156
286.077,-184.707
286.085,-255.980
286.099,-165.260
286.106,-234.104
286.125,-210.620
286.126,-185.243
286.140,-256.114
286.150,-165.126
286.157,-234.238
286.165,-210.352
286.176,-185.779
286.198,-256.248
286.200,-165.126
286.208,-234.657
286.217,-210.620
286.225,-184.975
286.235,-255.980
286.247,-165.126
286.256,-234.523
286.266,-210.620
286.277,-186.064
286.285,-256.114
286.307,-165.260
286.309,-234.372
286.317,-210.486
286.326,-186.332
286.338,-256.248
286.346,-164.992
286.357,-234.372
286.366,-210.486
286.379,-185.913
286.387,-257.052
286.395,-164.992
286.416,-235.059
286.417,-210.084
286.429,-186.198
286.439,-256.516
286.446,-165.410
286.466,-234.791
286.467,-210.620
286.479,-186.466
286.486,-256.114
286.498,-164.992
286.506,-234.791
286.516,-209.816
286.536,-186.198
286.538,-255.846
286.549,-165.126
286.557,-234.925
286.569,-209.548
286.575,-186.600
286.588,-256.516
286.597,-165.126
286.606,-235.595
286.617,-209.816
286.625,-186.600
286.647,-256.516
286.648,-165.126
286.658,-234.925
286.667,-209.280
286.678,-186.734
286.685,-256.248
286.698,-165.126
286.707,-234.925
286.719,-209.548
286.728,-186.734
286.736,-256.516
286.754,-164.992
286.756,-235.595
286.768,-208.995
286.778,-186.734
286.786,-255.980
286.805,-165.126
286.806,-235.997
286.819,-209.280
286.829,-186.868
286.836,-255.025
286.845,-164.992
286.862,-236.265
286.866,-209.146
286.878,-186.734
286.888,-255.846
286.896,-164.724
286.916,-235.193
286.917,-208.325
286.928,-186.466
286.937,-255.846
286.948,-164.724
286.955,-236.265
286.965,-208.325
286.986,-187.270
286.988,-255.980
287.000,-165.126
287.006,-236.265
287.016,-208.325
287.036,-187.404
287.037,-255.980
287.046,-165.126
287.060,-236.533
287.067,-208.459
287.076,-189.832
287.095,-256.248
287.096,-164.992
287.107,-236.399
287.116,-208.325
287.127,-186.734
287.146,-255.980
287.147,-165.126
287.157,-236.265
287.166,-208.057
287.177,-188.074
287.185,-255.846
287.195,-165.126
287.205,-236.667
287.219,-207.119
287.229,-187.940
287.236,-255.846
287.245,-164.456
287.256,-236.667
287.268,-208.057
287.277,-188.074
287.287,-255.846
287.298,-164.724
287.305,-236.667
287.328,-206.851
287.329,-188.074
287.339,-255.846
287.347,-164.456
287.356,-236.817
287.365,-206.566
287.378,-188.208
287.388,-255.980
287.396,-164.858
287.408,-236.951
287.415,-206.985
287.436,-188.492
287.438,-254.891
287.447,-164.724
287.460,-236.951
287.467,-206.432
287.486,-188.208
287.488,-255.846
287.497,-164.724
287.505,-237.219
287.517,-206.164
287.526,-189.028
287.544,-255.846
287.547,-164.456
287.556,-237.755
287.568,-206.030
287.576,-189.296
287.595,-255.846
287.596,-164.590
287.610,-238.157
287.619,-206.164
287.626,-189.162
287.635,-255.846
287.652,-164.590
287.657,-237.487
287.667,-206.030
287.676,-189.296
287.686,-255.846
287.703,-164.858
287.707,-238.425
287.718,-205.762
287.728,-189.698
287.736,-255.712
287.746,-164.322
287.755,-238.291
287.775,-205.494
287.776,-189.564
287.785,-255.712
287.799,-163.518
287.806,-238.023
287.825,-205.226
287.826,-188.894
287.836,-255.712
287.849,-164.724
287.856,-238.425
287.865,-204.824
287.883,-190.653
287.885,-255.846
287.898,-164.456
287.908,-238.157
287.916,-204.690
287.933,-190.653
287.936,-255.846
287.947,-164.992
287.956,-238.693
287.965,-204.824
287.975,-190.787
287.991,-255.846
287.998,-164.054
288.006,-238.559
288.016,-204.137
288.025,-190.653
288.042,-255.712
288.047,-164.188
288.056,-238.693
288.067,-201.977
288.076,-191.457
288.088,-249.765
288.100,-164.724
288.107,-239.916
288.117,-204.003
288.125,-191.323
288.135,-255.578
288.153,-164.724
288.156,-238.961
288.168,-203.333
288.176,-191.055
288.185,-255.444
288.196,-164.456
288.210,-238.559
288.220,-203.869
288.226,-191.189
288.236,-255.846
288.245,-164.724
288.258,-239.514
288.268,-203.333
288.276,-191.591
288.289,-255.444
288.295,-164.590
288.318,-239.782
288.319,-203.601
288.328,-192.261
288.336,-255.578
288.350,-164.456
288.355,-239.782
288.368,-202.529
288.378,-192.663
288.386,-255.846
288.396,-164.590
288.406,-240.318
288.426,-203.065
288.427,-192.663
288.436,-255.310
288.449,-164.188
288.456,-239.916
288.476,-202.529
288.477,-192.395
288.486,-255.578
288.496,-164.724
288.507,-240.720
288.515,-201.977
288.525,-193.082
288.536,-254.891
288.548,-164.188
288.559,-239.246
288.567,-200.905
288.576,-192.663
288.585,-255.176
288.598,-164.724
288.607,-240.586
288.615,-201.709
288.626,-193.082
288.636,-255.025
288.657,-164.322
288.659,-240.720
288.669,-200.905
288.678,-193.350
288.686,-254.355
288.695,-164.188
288.706,-240.586
288.720,-200.637
288.726,-193.752
288.737,-255.176
288.746,-164.456
288.765,-240.854
288.768,-200.369
288.776,-193.350
288.789,-254.355
288.796,-163.920
288.820,-218.861
288.821,-200.503
288.828,-194.154
288.846,-254.355
288.848,-163.786
288.856,-241.122
288.866,-199.966
288.883,-194.422
288.888,-254.489
288.898,-164.724
288.907,-240.720
288.915,-199.548
288.934,-193.886
288.937,-253.819
288.948,-163.518
288.959,-241.407
288.966,-199.682
288.976,-194.958
288.991,-253.953
288.996,-164.188
289.006,-241.675
289.016,-199.414
289.025,-195.226
289.042,-254.087
289.046,-163.920
289.057,-242.077
289.066,-199.012
289.076,-195.377
289.085,-253.819
289.099,-164.054
289.107,-241.943
289.116,-199.012
289.127,-194.958
289.136,-253.819
289.151,-163.786
289.158,-242.077
289.167,-198.342
289.175,-195.377
289.185,-253.685
289.195,-163.786
289.205,-241.943
289.224,-197.806
289.226,-195.511
289.238,-253.551
289.247,-163.920
289.256,-242.881
289.272,-198.074
289.276,-196.047
289.287,-253.819
289.296,-164.724
289.305,-242.881
289.315,-198.208
289.332,-196.717
289.336,-253.417
289.347,-164.188
289.356,-242.881
289.365,-197.806
289.381,-196.047
289.386,-252.730
289.397,-163.652
289.408,-242.747
289.416,-197.119
289.425,-196.717
289.441,-253.551
289.446,-163.652
289.456,-242.345
289.466,-196.717
289.475,-197.119
289.490,-253.283
289.499,-163.786
289.506,-243.015
289.515,-197.119
289.526,-196.717
289.535,-253.551
289.548,-163.920
289.558,-242.881
289.566,-195.645
289.578,-196.851
289.585,-253.149
289.598,-164.322
289.610,-243.149
289.616,-196.181
289.628,-197.521
289.636,-252.881
289.658,-164.590
289.660,-242.881
289.669,-196.047
289.678,-197.521
289.686,-253.283
289.695,-164.188
289.709,-243.417
289.718,-195.511
289.727,-197.940
289.738,-252.194
289.745,-163.786
289.767,-243.149
289.768,-195.226
289.776,-197.521
289.789,-252.328
289.798,-163.518
289.816,-243.283
289.818,-194.958
289.828,-198.208
289.837,-252.328
289.849,-164.188
289.855,-242.881
289.865,-195.377
289.875,-198.744
289.889,-252.194
289.900,-164.322
289.906,-244.104
289.917,-194.824
289.926,-198.208
289.939,-251.658
289.948,-164.322
289.957,-244.238
289.966,-194.958
289.975,-199.012
289.999,-251.792
290.000,-164.188
290.006,-243.702
290.016,-193.886
290.026,-199.012
290.035,-251.658
290.050,-163.652
290.059,-244.640
290.066,-194.020
290.075,-199.280
290.086,-251.524
290.106,-163.652
290.107,-244.104
290.118,-193.216
290.126,-199.682
290.138,-251.524
290.145,-163.786
290.156,-244.774
290.166,-193.752
290.179,-199.682
290.186,-251.524
290.196,-164.724
290.216,-245.042
290.218,-193.618
290.227,-199.816
290.236,-251.524
290.248,-163.786
290.256,-244.640
290.267,-192.797
290.277,-199.816
290.287,-251.122
290.298,-164.188
290.305,-245.310
290.315,-192.261
290.332,-199.682
290.337,-250.720
290.346,-163.652
290.356,-244.506
290.365,-191.591
290.383,-200.101
290.386,-250.586
290.396,-163.384
290.406,-244.774
290.415,-191.457
290.425,-200.369
290.441,-250.586
290.447,-163.652
290.457,-245.176
290.467,-191.323
290.475,-200.369
290.489,-250.586
290.499,-163.786
290.506,-245.444
290.515,-191.055
290.526,-201.173
290.535,-250.034
290.548,-164.322
290.560,-245.444
290.566,-191.055
290.576,-201.441
290.586,-249.899
290.599,-164.322
290.609,-245.846
290.617,-191.055
290.626,-201.843
290.635,-250.586
290.657,-164.456
290.659,-245.712
290.668,-190.653
290.677,-201.709
290.686,-249.363
290.695,-164.188
290.709,-246.131
290.721,-190.503
290.726,-202.261
290.738,-250.034
290.745,-164.456
290.766,-246.399
290.768,-190.369
290.780,-201.977
290.786,-249.631
290.799,-164.188
290.806,-246.265
290.817,-189.698
290.828,-201.977
290.836,-249.095
290.849,-164.322
290.855,-246.533
290.865,-189.162
290.875,-202.261
290.888,-248.961
290.897,-164.188
290.907,-246.533
290.918,-189.564
290.926,-203.333
290.937,-249.229
290.946,-164.590
290.960,-247.203
290.967,-189.832
290.975,-203.735
290.997,-248.827
290.999,-164.992
291.009,-247.069
291.016,-189.296
291.028,-203.869
291.035,-248.559
291.048,-164.188
291.056,-247.203
291.070,-188.894
291.077,-204.003
291.086,-248.693
291.105,-164.590
291.107,-247.471
291.117,-189.028
291.126,-204.003
291.137,-248.827
291.156,-165.126
291.158,-247.605
291.167,-188.760
291.180,-204.137
291.187,-247.873
291.195,-164.322
291.205,-247.203
291.216,-187.672
291.227,-204.137
291.238,-248.007
291.247,-165.126
291.257,-247.605
291.265,-188.074
291.277,-204.137
291.289,-247.873
291.298,-164.858
291.306,-247.873
291.316,-187.672
291.331,-204.556
291.337,-247.337
291.347,-165.126
291.359,-226.147
291.365,-189.028
291.383,-205.896
291.387,-247.873
291.396,-165.126
291.408,-248.559
291.416,-187.404
291.425,-205.360
291.442,-247.203
291.447,-164.992
291.456,-248.425
291.466,-187.002
291.475,-205.628
291.489,-247.203
291.499,-165.126
291.506,-248.291
291.516,-186.868
291.525,-205.360
291.535,-247.203
291.547,-164.992
291.558,-248.141
291.567,-186.734
291.578,-205.762
291.585,-247.069
291.598,-165.126
291.607,-248.007
291.615,-186.466
291.627,-205.360
291.635,-246.399
291.656,-164.322
291.658,-248.007
291.667,-185.913
291.677,-205.896
291.687,-246.533
291.701,-164.992
291.708,-248.559
291.717,-185.377
291.725,-206.164
291.737,-246.265
291.746,-165.126
291.766,-248.827
291.768,-185.913
291.780,-206.432
291.786,-245.846
291.798,-165.126
291.806,-248.559
291.820,-184.573
291.829,-206.985
291.837,-245.846
291.847,-165.544
291.855,-248.961
291.865,-185.377
291.876,-207.119
291.888,-245.310
291.898,-165.126
291.907,-248.559
291.918,-184.707
291.925,-207.387
291.938,-245.176
291.948,-165.126
291.955,-249.497
291.966,-184.707
291.975,-208.057
291.997,-245.444
291.999,-165.544
292.009,-249.765
292.017,-184.305
292.028,-207.655
292.035,-245.176
292.047,-165.946
292.059,-249.765
292.069,-184.707
292.076,-208.325
292.085,-245.444
292.105,-166.080
292.106,-249.765
292.116,-183.769
292.126,-208.325
292.137,-244.640
292.156,-165.544
292.158,-250.302
292.166,-183.618
292.179,-208.727
292.186,-244.908
292.196,-166.348
292.216,-250.720
292.217,-183.618
292.229,-208.459
292.239,-244.372
292.246,-166.080
292.257,-250.168
292.267,-183.216
292.276,-208.727
292.286,-243.702
292.297,-165.946
292.305,-250.854
292.315,-183.082
292.326,-209.146
292.337,-243.015
292.348,-165.410
292.357,-250.168
292.368,-182.412
292.376,-209.816
292.387,-243.149
292.396,-165.678
292.410,-250.168
292.417,-182.278
292.426,-209.280
292.447,-242.881
292.448,-166.080
292.458,-250.720
292.466,-182.278
292.478,-209.816
292.494,-242.881
292.497,-166.482
292.510,-250.988
292.517,-181.742
292.527,-210.620
292.535,-242.881
292.554,-166.482
292.557,-251.256
292.569,-181.742
292.580,-210.620
292.587,-242.747
292.606,-166.884
292.608,-251.256
292.620,-181.474
292.626,-210.888
292.637,-242.613
292.645,-167.152
292.664,-251.524
292.666,-182.010
292.676,-211.290
292.687,-241.943
292.696,-166.884
292.712,-251.390
292.716,-181.474
292.728,-211.709
292.737,-241.541
292.745,-166.884
292.755,-251.524
292.771,-180.653
292.776,-211.843
292.786,-240.988
292.796,-167.018
292.806,-251.658
292.819,-180.385
292.829,-211.575
292.837,-240.988
292.846,-167.705
292.855,-251.524
292.865,-180.251
292.879,-211.156
292.888,-240.586
292.896,-167.420
292.906,-251.792
292.915,-179.849
292.927,-212.647
292.938,-240.720
292.947,-167.554
292.958,-251.792
292.966,-179.849
292.988,-212.647
292.989,-240.452
292.998,-167.554
293.007,-251.792
293.017,-179.313
293.025,-212.781
293.038,-240.050
293.047,-167.554
293.057,-252.060
293.069,-179.581
293.076,-212.647
293.095,-239.514
293.096,-168.107
293.106,-252.328
293.119,-179.028
293.127,-213.317
293.148,-239.246
293.149,-167.420
293.157,-252.194
293.169,-178.894
293.178,-213.049
293.186,-238.961
293.195,-167.554
293.205,-252.194
293.218,-178.090
293.231,-213.049
293.237,-238.559
293.245,-168.107
293.256,-252.194
293.268,-178.358
293.278,-214.941
293.290,-238.559
293.298,-168.777
293.305,-252.194
293.327,-177.956
293.328,-214.941
293.338,-238.157
293.346,-168.107
293.358,-252.596
293.365,-177.956
293.379,-215.477
293.387,-238.291
293.396,-168.643
293.407,-253.551
293.415,-177.956
293.435,-215.611
293.437,-238.023
293.446,-169.179
293.459,-253.417
293.467,-177.956
293.485,-216.432
293.486,-237.219
293.495,-169.313
293.509,-252.881
293.516,-177.688
293.525,-216.566
293.544,-236.951
293.547,-168.777
293.556,-253.551
293.569,-177.420
293.576,-216.968
293.595,-237.085
293.596,-169.447
293.609,-253.685
293.619,-176.734
293.626,-216.566
293.635,-236.265
293.645,-169.447
293.667,-253.283
293.669,-176.198
293.678,-216.834
293.687,-235.997
293.698,-169.447
293.705,-253.551
293.718,-175.930
293.728,-217.370
293.736,-235.729
293.749,-170.134
293.756,-253.685
293.776,-176.332
293.777,-217.906
293.786,-236.265
293.799,-170.268
293.808,-253.953
293.826,-175.662
293.826,-217.638
293.836,-235.059
293.846,-170.000
293.856,-253.819
293.866,-175.796
293.882,-218.459
293.885,-234.925
293.897,-170.134
293.906,-254.087
293.915,-175.528
293.931,-218.861
293.938,-234.238
293.946,-170.938
293.956,-254.891
293.966,-174.992
293.975,-219.129
293.992,-234.238
293.996,-170.268
294.007,-254.087
294.015,-175.126
294.025,-218.727
294.040,-233.970
294.049,-170.670
294.057,-254.221
294.068,-174.439
294.076,-219.665
294.085,-233.970
294.095,-171.206
294.116,-254.355
294.117,-173.903
294.127,-219.799
294.136,-233.300
294.148,-171.608
294.156,-254.355
294.167,-174.171
294.176,-219.799
294.186,-233.032
294.197,-171.608
294.205,-254.355
294.225,-173.769
294.227,-219.531
294.238,-232.496
294.249,-171.608
294.256,-254.623
294.274,-173.903
294.275,-220.469
294.288,-232.228
294.298,-171.742
294.305,-254.891
294.316,-173.769
294.333,-221.156
294.336,-231.809
294.348,-171.608
294.357,-254.623
294.365,-173.635
294.384,-221.022
294.386,-231.407
294.397,-171.876
294.408,-255.025
294.416,-173.099
294.425,-221.290
294.441,-231.273
294.446,-172.563
294.456,-255.444
294.467,-173.099
294.476,-221.424
294.489,-231.407
294.496,-173.367
294.507,-255.444
294.516,-173.099
294.525,-221.826
294.535,-230.603
294.549,-173.501
294.560,-255.310
294.566,-172.295
294.575,-222.228
294.586,-230.335
294.599,-173.367
294.608,-255.578
294.616,-172.831
294.630,-197.940
294.635,-232.898
294.646,-173.769
294.658,-255.712
294.669,-172.563
294.676,-222.764
294.686,-229.648
294.695,-173.769
294.708,-255.846
294.718,-172.295
294.726,-223.585
294.738,-229.246
294.746,-173.769
294.767,-256.114
294.768,-172.010
294.777,-223.853
294.786,-229.246
294.798,-174.037
294.806,-255.846
294.823,-197.253
294.829,-223.719
294.836,-228.040
294.849,-174.037
294.855,-255.846
294.875,-170.938
294.876,-224.121
294.885,-228.174
294.899,-174.439
294.906,-255.846
294.924,-170.804
294.926,-223.853
294.938,-226.817
294.948,-174.858
294.955,-256.248
294.965,-171.340
294.983,-224.791
294.985,-226.951
294.996,-175.126
295.005,-255.846
295.016,-170.670
295.031,-224.925
295.036,-226.549
295.047,-174.992
295.056,-255.846
295.065,-170.268
295.075,-225.209
295.092,-225.611
295.097,-175.394
295.106,-255.846
295.116,-170.134
295.125,-225.209
295.143,-226.281
295.146,-175.662
295.159,-255.980
295.168,-170.134
295.175,-225.745
295.185,-225.343
295.196,-176.064
295.216,-255.846
295.217,-170.000
295.226,-225.745
295.239,-224.791
295.247,-176.600
295.266,-255.980
295.267,-169.715
295.280,-226.281
295.286,-225.209
295.298,-176.198
295.305,-256.114
295.315,-169.313
295.325,-225.745
295.339,-223.719
295.349,-176.064
295.358,-255.846
295.366,-169.179
295.376,-226.281
295.389,-224.121
295.399,-177.152
295.407,-255.846
295.419,-169.447
295.425,-226.415
295.448,-223.451
295.450,-177.420
295.459,-256.114
295.466,-168.643
295.476,-227.638
295.485,-223.049
295.499,-177.822
295.509,-256.382
295.517,-168.643
295.526,-227.219
295.535,-223.049
295.555,-178.090
295.556,-256.516
295.568,-169.045
295.577,-226.415
295.587,-221.558
295.595,-175.662
295.605,-256.516
295.616,-168.643
295.628,-228.442
295.636,-221.558
295.646,-178.492
295.665,-256.516
295.666,-168.643
295.679,-228.442
295.689,-221.290
295.696,-178.760
295.716,-256.248
295.717,-168.107
295.729,-229.246
295.739,-220.620
295.746,-179.313
295.756,-256.114
295.765,-167.705
295.787,-228.308
295.789,-220.335
295.798,-179.313
295.806,-256.114
295.818,-167.152
295.826,-227.504
295.837,-219.531
295.845,-179.447
295.859,-255.980
295.866,-167.705
295.875,-230.067
295.896,-219.129
295.898,-179.715
295.906,-256.248
295.918,-167.152
295.926,-229.933
295.945,-219.799
295.947,-180.519
295.956,-257.186
295.969,-167.152
295.976,-229.933
295.986,-218.459
296.003,-181.189
296.006,-256.382
296.019,-167.152
296.028,-230.737
296.036,-217.906
296.055,-181.474
296.056,-256.784
296.065,-166.884
296.079,-230.871
296.086,-217.370
296.095,-181.055
296.105,-256.516
296.124,-166.482
296.126,-231.005
296.137,-216.834
296.145,-181.474
296.157,-256.248
296.175,-166.080
296.176,-231.407
296.186,-216.566
296.198,-182.144
296.206,-256.382
296.215,-165.946
296.235,-231.943
296.236,-216.298
296.246,-182.412
296.259,-256.382
296.266,-166.348
296.285,-231.943
296.288,-215.209
296.296,-182.412
296.309,-255.980
296.316,-165.812
296.326,-232.362
296.345,-215.075
296.345,-182.412
296.358,-256.248
296.368,-165.544
296.375,-232.764
296.395,-214.941
296.397,-183.216
296.408,-256.248
296.418,-165.544
296.425,-232.764
296.435,-213.049
296.445,-183.769
296.466,-256.382
296.467,-165.410
296.476,-233.166
296.489,-212.647
296.497,-183.903
296.516,-256.114
296.517,-165.260
296.526,-233.836
296.539,-212.379
296.546,-184.707
296.555,-256.382
296.574,-165.126
296.576,-233.032
296.589,-211.156
296.598,-184.573
296.607,-256.382
296.626,-165.260
296.626,-234.238
296.636,-211.441
296.648,-185.243
296.656,-257.052
296.665,-165.126
296.684,-234.523
296.686,-211.022
296.697,-185.913
296.706,-256.248
296.715,-165.410
296.733,-234.657
296.736,-210.888
296.747,-186.332
296.756,-256.248
296.766,-165.126
296.775,-235.059
296.792,-209.548
296.796,-186.600
296.806,-255.980
296.817,-164.992
296.825,-235.461
296.839,-209.146
296.849,-186.600
296.856,-255.980
296.865,-164.992
296.876,-235.461
296.886,-208.459
296.898,-186.600
296.908,-256.114
296.917,-164.858
296.925,-236.265
296.935,-208.459
296.947,-186.868
296.956,-256.114
296.969,-164.724
296.977,-235.863
296.986,-208.057
296.995,-185.779
297.008,-255.846
297.018,-162.563
297.028,-236.131
297.035,-207.655
297.054,-187.940
297.057,-256.248
297.068,-164.590
297.077,-236.265
297.085,-207.387
297.095,-188.492
297.116,-255.846
297.118,-164.188
297.126,-236.533
297.137,-206.432
297.147,-188.492
297.166,-255.846
297.167,-164.188
297.179,-237.621
297.188,-206.164
297.196,-188.894
297.206,-255.712
297.227,-164.590
297.228,-237.621
297.238,-205.494
297.247,-189.564
297.257,-255.846
297.265,-164.456
297.276,-238.023
297.286,-205.762
297.298,-189.698
297.307,-255.712
297.315,-164.456
297.334,-238.693
297.337,-204.690
297.348,-190.653
297.357,-255.846
297.366,-164.724
297.383,-238.559
297.386,-204.824
297.398,-190.653
297.407,-255.846
297.415,-164.590
297.425,-238.827
297.442,-204.003
297.446,-191.055
297.456,-255.712
297.465,-164.456
297.476,-238.961
297.490,-203.869
297.496,-191.189
297.506,-255.578
297.516,-164.322
297.525,-238.157
297.536,-203.869
297.548,-191.189
297.560,-255.712
297.566,-164.322
297.575,-239.916
297.585,-202.663
297.598,-191.859
297.607,-254.891
297.620,-164.724
297.626,-239.246
297.636,-203.065
297.645,-192.261
297.658,-255.025
297.668,-164.456
297.676,-240.050
297.687,-202.111
297.706,-191.859
297.707,-254.891
297.716,-164.188
297.726,-239.916
297.737,-201.307
297.745,-193.082
297.766,-255.025
297.768,-164.054
297.778,-240.050
297.786,-201.173
297.797,-193.618
297.805,-254.891
297.817,-163.786
297.828,-240.720
297.837,-200.637
297.848,-193.618
297.855,-254.355
297.876,-163.786
297.879,-239.782
297.887,-200.101
297.895,-194.690
297.905,-255.712
297.916,-164.322
297.928,-241.541
297.938,-199.682
297.946,-194.824
297.957,-254.489
297.965,-164.188
297.984,-241.407
297.986,-199.548
297.997,-194.958
298.006,-253.953
298.015,-163.786
298.033,-239.246
298.037,-199.682
298.046,-195.226
298.056,-254.355
298.065,-163.116
298.075,-242.077
298.091,-198.878
298.096,-195.226
298.106,-253.417
298.117,-163.652
298.125,-242.211
298.140,-198.342
298.146,-195.645
298.155,-253.819
298.165,-163.786
298.175,-242.613
298.185,-198.074
298.200,-195.511
298.209,-253.819
298.216,-164.188
298.226,-242.881
298.235,-198.208
298.248,-196.047
298.258,-253.551
298.266,-164.188
298.277,-242.479
298.285,-197.253
298.295,-196.315
298.309,-252.881
298.317,-163.250
298.327,-243.015
298.337,-196.583
298.345,-196.985
298.357,-253.417
298.366,-167.554
298.379,-242.881
298.387,-196.047
298.395,-196.717
298.416,-252.194
298.417,-163.786
298.426,-242.881
298.436,-195.779
298.447,-197.387
298.466,-252.730
298.468,-163.250
298.477,-243.149
298.486,-195.377
298.498,-197.521
298.505,-252.194
298.524,-163.116
298.526,-243.283
298.536,-195.377
298.548,-198.208
298.556,-252.194
298.576,-164.188
298.577,-243.149
298.586,-194.958
298.599,-197.672
298.608,-251.926
298.615,-164.322
298.625,-243.970
298.636,-194.958
298.647,-198.342
298.656,-251.524
298.669,-164.188
298.677,-243.283
298.690,-194.422
298.697,-198.744
298.709,-251.926
298.715,-163.652
298.726,-244.640
298.735,-194.690
298.757,-199.414
298.759,-251.524
298.767,-163.786
298.776,-244.104
298.786,-193.350
298.806,-197.521
298.807,-251.524
298.816,-164.188
298.829,-244.506
298.836,-192.797
298.845,-199.682
298.866,-251.524
298.868,-164.322
298.880,-245.042
298.886,-193.350
298.896,-200.101
298.915,-251.524
298.915,-164.456
298.929,-245.444
298.936,-193.350
298.946,-200.637
298.955,-251.524
298.974,-164.724
298.976,-245.444
298.988,-192.797
298.999,-199.966
299.006,-251.524
299.024,-164.724
299.026,-245.712
299.036,-192.395
299.049,-201.173
299.055,-251.390
299.065,-165.126
299.075,-246.131
299.096,-191.859
299.097,-201.441
299.107,-250.586
299.116,-164.456
299.127,-246.399
299.145,-192.395
299.146,-201.709
299.156,-251.256
299.169,-164.724
299.176,-245.712
299.185,-191.055
299.205,-201.709
299.206,-250.586
299.218,-164.456
299.228,-246.667
299.235,-191.323
299.253,-202.111
299.256,-249.899
299.267,-164.322
299.276,-246.399
299.286,-190.653
299.295,-202.529
299.314,-249.765
299.315,-163.920
299.328,-246.265
299.338,-190.921
299.346,-202.529
299.365,-249.765
299.366,-164.456
299.375,-247.069
299.388,-190.101
299.396,-202.111
299.405,-249.363
299.415,-164.322
299.436,-246.667
299.438,-189.698
299.447,-202.261
299.456,-248.961
299.466,-164.456
299.486,-246.667
299.488,-189.430
299.496,-203.199
299.509,-249.229
299.516,-165.126
299.525,-247.203
299.544,-189.564
299.546,-203.869
299.555,-249.363
299.568,-164.992
299.575,-247.203
299.595,-188.626
299.597,-203.869
299.608,-248.693
299.617,-164.724
299.625,-247.203
299.635,-189.430
299.654,-204.137
299.656,-248.693
299.668,-164.724
299.677,-247.471
299.685,-188.626
299.702,-204.137
299.706,-248.291
299.718,-164.724
299.727,-247.605
299.736,-188.358
299.745,-204.958
299.759,-248.007
299.770,-164.456
299.777,-247.873
299.786,-187.002
299.795,-204.137
299.808,-248.007
299.818,-165.126
299.827,-248.007
299.838,-188.492
299.846,-205.494
299.855,-248.007
299.868,-165.126
299.878,-247.605
299.886,-187.136
299.899,-204.690
299.906,-247.471
299.916,-165.126
299.926,-247.873
299.939,-187.136
299.948,-204.958
299.955,-247.203
299.976,-165.126
299.976,-248.141
299.987,-186.734
299.998,-205.494
300.006,-247.337
300.026,-165.126
300.027,-248.425
300.036,-187.940
300.049,-205.226
300.056,-247.605
300.065,-165.544
300.083,-249.095
300.086,-186.734
300.098,-206.298
300.107,-247.203
300.115,-165.126
300.135,-249.363
300.136,-186.734
300.145,-206.985
300.159,-247.069
300.166,-165.812
300.175,-249.229
300.185,-186.466
300.206,-206.164
300.208,-246.533
300.216,-164.992
300.226,-249.229
300.237,-186.466
300.255,-207.387
300.256,-246.935
300.269,-165.260
300.279,-249.229
300.286,-186.064
300.296,-207.387
300.305,-246.935
